# i   j  Gamma              Lambda             paramK             distTrajToEq       integrationTime      startPtfi1         startPtV1          startPtfi2         startPtV2          sadfocPtfi1        sadfocPtV1         sadfocPtfi2        sadfocPtV2         saddlePtfi1        saddlePtV1         saddlePtfi2        saddlePtV2
# 0   1  2                  3                  4                  5                  6                    7                  8                  9                  10                 11                 12                 13                 14                 15                 16                 17                 18
  0   0 +0.765000000000000 +0.010000000000000 +0.060000000000000 +0.969094911034235 +2000.000000000000000 +2.357771599986798 -0.000006387253422 +0.968460932961487 -0.000000054253945 +2.357779293866137 +0.000000000000000 +0.968460998314039 +0.000000000000000 +0.968460998314039 +0.000000000000000 +2.357779293866137 +0.000000000000000
  1   0 +0.766250000000000 +0.010000000000000 +0.060000000000000 +0.967069839387397 +2000.000000000000000 +2.355943755417162 -0.000006383089540 +0.970594012850972 -0.000000055521167 +2.355951452728555 +0.000000000000000 +0.970594079803457 +0.000000000000000 +0.970594079803457 +0.000000000000000 +2.355951452728555 +0.000000000000000
  2   0 +0.767500000000000 +0.010000000000000 +0.060000000000000 +0.964873039428047 +2000.000000000000000 +2.354111093405652 -0.000006378898606 +0.972731922011396 -0.000000056795231 +2.354118794167029 +0.000000000000000 +0.972731990575979 +0.000000000000000 +0.972731990575979 +0.000000000000000 +2.354118794167029 +0.000000000000000
  3   0 +0.768750000000000 +0.010000000000000 +0.060000000000000 +0.962805424671044 +2000.000000000000000 +2.352273571714335 -0.000006374680332 +0.974874702943215 -0.000000058076207 +2.352281275943779 +0.000000000000000 +0.974874773132213 +0.000000000000000 +0.974874773132213 +0.000000000000000 +2.352281275943779 +0.000000000000000
  4   0 +0.770000000000000 +0.010000000000000 +0.060000000000000 +0.960839625123313 +2000.000000000000000 +2.350431147571980 -0.000006370434429 +0.977022398892046 -0.000000059364166 +2.350438855287733 +0.000000000000000 +0.977022470717934 +0.000000000000000 +0.977022470717934 +0.000000000000000 +2.350438855287733 +0.000000000000000
  5   0 +0.771250000000000 +0.010000000000000 +0.060000000000000 +0.958722410718293 +2000.000000000000000 +2.348583777561603 -0.000006366160603 +0.979175053631197 -0.000000060659178 +2.348591488782064 +0.000000000000000 +0.979175127106612 +0.000000000000000 +0.979175127106612 +0.000000000000000 +2.348591488782064 +0.000000000000000
  6   0 +0.772500000000000 +0.010000000000000 +0.060000000000000 +0.956790953445546 +2000.000000000000000 +2.346731417600909 -0.000006361858555 +0.981332711396576 -0.000000061961317 +2.346739132344640 +0.000000000000000 +0.981332786534317 +0.000000000000000 +0.981332786534317 +0.000000000000000 +2.346739132344640 +0.000000000000000
  7   0 +0.773750000000000 +0.010000000000000 +0.060000000000000 +0.954767237011179 +2000.000000000000000 +2.344874022962552 -0.000006357527979 +0.983495416948508 -0.000000063270656 +2.344881741248280 +0.000000000000000 +0.983495493761540 +0.000000000000000 +0.983495493761540 +0.000000000000000 +2.344881741248280 +0.000000000000000
  8   0 +0.775000000000000 +0.010000000000000 +0.060000000000000 +0.952847650331982 +2000.000000000000000 +2.343011548314002 -0.000006353168566 +0.985663215751378 -0.000000064587271 +2.343019270160619 +0.000000000000000 +0.985663294252837 +0.000000000000000 +0.985663294252837 +0.000000000000000 +2.343019270160619 +0.000000000000000
  9   0 +0.776250000000000 +0.010000000000000 +0.060000000000000 +0.950902700448495 +2000.000000000000000 +2.341143947759810 -0.000006348780003 +0.987836154212801 -0.000000065911239 +2.341151673186377 +0.000000000000000 +0.987836234415995 +0.000000000000000 +0.987836234415995 +0.000000000000000 +2.341151673186377 +0.000000000000000
 10   0 +0.777500000000000 +0.010000000000000 +0.060000000000000 +0.949044664678480 +2000.000000000000000 +2.339271174837769 -0.000006344361969 +0.990014279815062 -0.000000067242636 +2.339278903863517 +0.000000000000000 +0.990014361733475 +0.000000000000000 +0.990014361733475 +0.000000000000000 +2.339278903863517 +0.000000000000000
