# i   j  Gamma              Lambda             paramK             distTrajToEq       integrationTime      startPtfi1         startPtV1          startPtfi2         startPtV2          sadfocPtfi1        sadfocPtV1         sadfocPtfi2        sadfocPtV2         saddlePtfi1        saddlePtV1         saddlePtfi2        saddlePtV2
# 0   1  2                  3                  4                  5                  6                    7                  8                  9                  10                 11                 12                 13                 14                 15                 16                 17                 18
  5   0 +0.250000000000000 +0.191132651204470 +0.060000000000000 +0.009767340113167 +100.000000000000000 +0.282814668105540 -0.000000183786886 +2.918821476434049 +0.000006781677655 +0.282814867133716 +0.000000000000000 +2.918814132357637 +0.000000000000000 +0.282814867133716 +0.000000000000000 +2.918814132357637 +0.000000000000000
  5   1 +0.250000000000000 +0.191132651204472 +0.060000000000000 +0.009255216804900 +100.000000000000000 +0.282814668105540 -0.000000183786886 +2.918821476434049 +0.000006781677655 +0.282814867133716 +0.000000000000000 +2.918814132357637 +0.000000000000000 +0.282814867133716 +0.000000000000000 +2.918814132357637 +0.000000000000000
  5   2 +0.250000000000000 +0.191132651204474 +0.060000000000000 +0.009017274610949 +100.000000000000000 +0.282814668105540 -0.000000183786886 +2.918821476434049 +0.000006781677655 +0.282814867133716 +0.000000000000000 +2.918814132357637 +0.000000000000000 +0.282814867133716 +0.000000000000000 +2.918814132357637 +0.000000000000000
  5   3 +0.250000000000000 +0.191132651204476 +0.060000000000000 +0.008700447999566 +100.000000000000000 +0.282814668105540 -0.000000183786886 +2.918821476434049 +0.000006781677655 +0.282814867133716 +0.000000000000000 +2.918814132357637 +0.000000000000000 +0.282814867133716 +0.000000000000000 +2.918814132357637 +0.000000000000000
  5   4 +0.250000000000000 +0.191132651204478 +0.060000000000000 +0.008973708914398 +100.000000000000000 +0.282814668105540 -0.000000183786886 +2.918821476434049 +0.000006781677655 +0.282814867133716 +0.000000000000000 +2.918814132357637 +0.000000000000000 +0.282814867133716 +0.000000000000000 +2.918814132357637 +0.000000000000000
  5   5 +0.250000000000000 +0.191132651204480 +0.060000000000000 +0.009350766228180 +100.000000000000000 +0.282814668105540 -0.000000183786886 +2.918821476434049 +0.000006781677655 +0.282814867133716 +0.000000000000000 +2.918814132357637 +0.000000000000000 +0.282814867133716 +0.000000000000000 +2.918814132357637 +0.000000000000000
  5   6 +0.250000000000000 +0.191132651204482 +0.060000000000000 +0.009635972345990 +100.000000000000000 +0.282814668105540 -0.000000183786886 +2.918821476434049 +0.000006781677655 +0.282814867133716 +0.000000000000000 +2.918814132357637 +0.000000000000000 +0.282814867133716 +0.000000000000000 +2.918814132357637 +0.000000000000000
  5   7 +0.250000000000000 +0.191132651204484 +0.060000000000000 +0.009924053312414 +100.000000000000000 +0.282814668105540 -0.000000183786886 +2.918821476434049 +0.000006781677655 +0.282814867133716 +0.000000000000000 +2.918814132357637 +0.000000000000000 +0.282814867133716 +0.000000000000000 +2.918814132357637 +0.000000000000000
  6   8 +0.250000000000020 +0.191132651204486 +0.060000000000000 +0.009585964239457 +100.000000000000000 +0.282814668105427 -0.000000183786886 +2.918821476434043 +0.000006781677655 +0.282814867133603 +0.000000000000000 +2.918814132357631 +0.000000000000000 +0.282814867133603 +0.000000000000000 +2.918814132357631 +0.000000000000000
  6   9 +0.250000000000020 +0.191132651204488 +0.060000000000000 +0.009123329704605 +100.000000000000000 +0.282814668105427 -0.000000183786886 +2.918821476434043 +0.000006781677655 +0.282814867133603 +0.000000000000000 +2.918814132357631 +0.000000000000000 +0.282814867133603 +0.000000000000000 +2.918814132357631 +0.000000000000000
  6  10 +0.250000000000020 +0.191132651204490 +0.060000000000000 +0.008927125905340 +100.000000000000000 +0.282814668105427 -0.000000183786886 +2.918821476434043 +0.000006781677655 +0.282814867133603 +0.000000000000000 +2.918814132357631 +0.000000000000000 +0.282814867133603 +0.000000000000000 +2.918814132357631 +0.000000000000000
