# i   j  Gamma              Lambda             paramK             distTrajToEq       integrationTime      startPtfi1         startPtV1          startPtfi2         startPtV2          sadfocPtfi1        sadfocPtV1         sadfocPtfi2        sadfocPtV2         saddlePtfi1        saddlePtV1         saddlePtfi2        saddlePtV2
# 0   1  2                  3                  4                  5                  6                    7                  8                  9                  10                 11                 12                 13                 14                 15                 16                 17                 18
 13   0 +0.720000000000000 +0.150000000000000 +0.060000000000000 +1.481696431812701 +1000.000000000000000 +0.894570502154249 -0.000000012093803 +2.420686776040209 -0.000006215487233 +0.894570517396755 +0.000000000000000 +2.420694609771112 +0.000000000000000 +2.420694609771112 +0.000000000000000 +0.894570517396755 +0.000000000000000
 13   1 +0.720000000000000 +0.160000000000000 +0.060000000000000 +1.491788166064850 +1000.000000000000000 +0.894570502120436 -0.000000012051064 +2.420686758662472 -0.000006193521981 +0.894570517396755 +0.000000000000000 +2.420694609771112 +0.000000000000000 +2.420694609771112 +0.000000000000000 +0.894570517396755 +0.000000000000000
 14   0 +0.730000000000000 +0.150000000000000 +0.060000000000000 +1.454890429220407 +1000.000000000000000 +0.910539951095416 -0.000000020289273 +2.407153549829327 -0.000006185443677 +0.910539976869080 +0.000000000000000 +2.407161407259606 +0.000000000000000 +2.407161407259606 +0.000000000000000 +0.910539976869080 +0.000000000000000
 14   1 +0.730000000000000 +0.160000000000000 +0.060000000000000 +1.465006782516695 +1000.000000000000000 +0.910539951038387 -0.000000020216619 +2.407153532443460 -0.000006163294146 +0.910539976869080 +0.000000000000000 +2.407161407259606 +0.000000000000000 +2.407161407259606 +0.000000000000000 +0.910539976869080 +0.000000000000000
 14   2 +0.730000000000000 +0.170000000000000 +0.060000000000000 +1.474524590181043 +1000.000000000000000 +0.910539950981673 -0.000000020143945 +2.407153515153374 -0.000006141138599 +0.910539976869080 +0.000000000000000 +2.407161407259606 +0.000000000000000 +2.407161407259606 +0.000000000000000 +0.910539976869080 +0.000000000000000
 14   3 +0.730000000000000 +0.180000000000000 +0.060000000000000 +1.483369828858956 +1000.000000000000000 +0.910539950925275 -0.000000020071258 +2.407153497959875 -0.000006118978822 +0.910539976869080 +0.000000000000000 +2.407161407259606 +0.000000000000000 +2.407161407259606 +0.000000000000000 +0.910539976869080 +0.000000000000000
 14   4 +0.730000000000000 +0.190000000000000 +0.060000000000000 +1.491645582052005 +1000.000000000000000 +0.910539950869197 -0.000000019998562 +2.407153480863741 -0.000006096816600 +0.910539976869080 +0.000000000000000 +2.407161407259606 +0.000000000000000 +2.407161407259606 +0.000000000000000 +0.910539976869080 +0.000000000000000
 14   5 +0.730000000000000 +0.200000000000000 +0.060000000000000 +1.497006495838216 +1000.000000000000000 +0.910539950813441 -0.000000019925864 +2.407153463865722 -0.000006074653708 +0.910539976869080 +0.000000000000000 +2.407161407259606 +0.000000000000000 +2.407161407259606 +0.000000000000000 +0.910539976869080 +0.000000000000000
 14   6 +0.730000000000000 +0.210000000000000 +0.060000000000000 +1.499876094559119 +1000.000000000000000 +0.910539950758009 -0.000000019853170 +2.407153446966542 -0.000006052491916 +0.910539976869080 +0.000000000000000 +2.407161407259606 +0.000000000000000 +2.407161407259606 +0.000000000000000 +0.910539976869080 +0.000000000000000
 15   0 +0.740000000000000 +0.150000000000000 +0.060000000000000 +1.427658104001414 +1000.000000000000000 +0.926753364041556 -0.000000028792847 +2.393378538558832 -0.000006153976972 +0.926753400919505 +0.000000000000000 +2.393386420587658 +0.000000000000000 +2.393386420587658 +0.000000000000000 +0.926753400919505 +0.000000000000000
 15   1 +0.740000000000000 +0.160000000000000 +0.060000000000000 +1.437855115659805 +1000.000000000000000 +0.926753363960180 -0.000000028688316 +2.393378521166225 -0.000006131635345 +0.926753400919505 +0.000000000000000 +2.393386420587658 +0.000000000000000 +2.393386420587658 +0.000000000000000 +0.926753400919505 +0.000000000000000
 15   2 +0.740000000000000 +0.170000000000000 +0.060000000000000 +1.447383197282040 +1000.000000000000000 +0.926753363879262 -0.000000028583764 +2.393378503871404 -0.000006109289217 +0.926753400919505 +0.000000000000000 +2.393386420587658 +0.000000000000000 +2.393386420587658 +0.000000000000000 +0.926753400919505 +0.000000000000000
 15   3 +0.740000000000000 +0.180000000000000 +0.060000000000000 +1.456277315326913 +1000.000000000000000 +0.926753363798806 -0.000000028479200 +2.393378486675168 -0.000006086940413 +0.926753400919505 +0.000000000000000 +2.393386420587658 +0.000000000000000 +2.393386420587658 +0.000000000000000 +0.926753400919505 +0.000000000000000
 15   4 +0.740000000000000 +0.190000000000000 +0.060000000000000 +1.464535566923153 +1000.000000000000000 +0.926753363718814 -0.000000028374632 +2.393378469578289 -0.000006064590753 +0.926753400919505 +0.000000000000000 +2.393386420587658 +0.000000000000000 +2.393386420587658 +0.000000000000000 +0.926753400919505 +0.000000000000000
 15   5 +0.740000000000000 +0.200000000000000 +0.060000000000000 +1.468146595495002 +1000.000000000000000 +0.926753363639291 -0.000000028270068 +2.393378452581510 -0.000006042242051 +0.926753400919505 +0.000000000000000 +2.393386420587658 +0.000000000000000 +2.393386420587658 +0.000000000000000 +0.926753400919505 +0.000000000000000
 15   6 +0.740000000000000 +0.210000000000000 +0.060000000000000 +1.471152603784422 +1000.000000000000000 +0.926753363560239 -0.000000028165517 +2.393378435685543 -0.000006019896111 +0.926753400919505 +0.000000000000000 +2.393386420587658 +0.000000000000000 +2.393386420587658 +0.000000000000000 +0.926753400919505 +0.000000000000000
 15   7 +0.740000000000000 +0.220000000000000 +0.060000000000000 +1.474128240422984 +1000.000000000000000 +0.926753363481662 -0.000000028060988 +2.393378418891072 -0.000005997554729 +0.926753400919505 +0.000000000000000 +2.393386420587658 +0.000000000000000 +2.393386420587658 +0.000000000000000 +0.926753400919505 +0.000000000000000
 15   8 +0.740000000000000 +0.230000000000000 +0.060000000000000 +1.477113178958870 +1000.000000000000000 +0.926753363403563 -0.000000027956488 +2.393378402198755 -0.000005975219692 +0.926753400919505 +0.000000000000000 +2.393386420587658 +0.000000000000000 +2.393386420587658 +0.000000000000000 +0.926753400919505 +0.000000000000000
 15   9 +0.740000000000000 +0.240000000000000 +0.060000000000000 +1.480039593268379 +1000.000000000000000 +0.926753363325945 -0.000000027852026 +2.393378385609215 -0.000005952892776 +0.926753400919505 +0.000000000000000 +2.393386420587658 +0.000000000000000 +2.393386420587658 +0.000000000000000 +0.926753400919505 +0.000000000000000
 15  10 +0.740000000000000 +0.250000000000000 +0.060000000000000 +1.482959271437072 +1000.000000000000000 +0.926753363248810 -0.000000027747611 +2.393378369123053 -0.000005930575747 +0.926753400919505 +0.000000000000000 +2.393386420587658 +0.000000000000000 +2.393386420587658 +0.000000000000000 +0.926753400919505 +0.000000000000000
 15  11 +0.740000000000000 +0.260000000000000 +0.060000000000000 +1.485803656902158 +1000.000000000000000 +0.926753363172162 -0.000000027643250 +2.393378352740835 -0.000005908270357 +0.926753400919505 +0.000000000000000 +2.393386420587658 +0.000000000000000 +2.393386420587658 +0.000000000000000 +0.926753400919505 +0.000000000000000
 15  12 +0.740000000000000 +0.270000000000000 +0.060000000000000 +1.488626923648428 +1000.000000000000000 +0.926753363096003 -0.000000027538951 +2.393378336463101 -0.000005885978349 +0.926753400919505 +0.000000000000000 +2.393386420587658 +0.000000000000000 +2.393386420587658 +0.000000000000000 +0.926753400919505 +0.000000000000000
 15  13 +0.740000000000000 +0.280000000000000 +0.060000000000000 +1.491367922638953 +1000.000000000000000 +0.926753363020335 -0.000000027434724 +2.393378320290362 -0.000005863701451 +0.926753400919505 +0.000000000000000 +2.393386420587658 +0.000000000000000 +2.393386420587658 +0.000000000000000 +0.926753400919505 +0.000000000000000
 15  14 +0.740000000000000 +0.290000000000000 +0.060000000000000 +1.494073881306064 +1000.000000000000000 +0.926753362945160 -0.000000027330575 +2.393378304223101 -0.000005841441377 +0.926753400919505 +0.000000000000000 +2.393386420587658 +0.000000000000000 +2.393386420587658 +0.000000000000000 +0.926753400919505 +0.000000000000000
 15  15 +0.740000000000000 +0.300000000000000 +0.060000000000000 +1.496697777865265 +1000.000000000000000 +0.926753362870481 -0.000000027226512 +2.393378288261770 -0.000005819199828 +0.926753400919505 +0.000000000000000 +2.393386420587658 +0.000000000000000 +2.393386420587658 +0.000000000000000 +0.926753400919505 +0.000000000000000
 15  16 +0.740000000000000 +0.310000000000000 +0.060000000000000 +1.499273287917904 +1000.000000000000000 +0.926753362796300 -0.000000027122544 +2.393378272406795 -0.000005796978489 +0.926753400919505 +0.000000000000000 +2.393386420587658 +0.000000000000000 +2.393386420587658 +0.000000000000000 +0.926753400919505 +0.000000000000000
 16   0 +0.750000000000000 +0.150000000000000 +0.060000000000000 +1.400019369092644 +1000.000000000000000 +0.943226263706384 -0.000000037625741 +2.379344891659445 -0.000006120976225 +0.943226312314427 +0.000000000000000 +2.379352799242616 +0.000000000000000 +2.379352799242616 +0.000000000000000 +0.943226312314427 +0.000000000000000
 16   1 +0.750000000000000 +0.160000000000000 +0.060000000000000 +1.410294809647106 +1000.000000000000000 +0.943226263599440 -0.000000037487175 +2.379344874261707 -0.000006098434155 +0.943226312314427 +0.000000000000000 +2.379352799242616 +0.000000000000000 +2.379352799242616 +0.000000000000000 +0.943226312314427 +0.000000000000000
 16   2 +0.750000000000000 +0.170000000000000 +0.060000000000000 +1.419832048047019 +1000.000000000000000 +0.943226263493109 -0.000000037348591 +2.379344856963865 -0.000006075889218 +0.943226312314427 +0.000000000000000 +2.379352799242616 +0.000000000000000 +2.379352799242616 +0.000000000000000 +0.943226312314427 +0.000000000000000
 16   3 +0.750000000000000 +0.180000000000000 +0.060000000000000 +1.428754867620601 +1000.000000000000000 +0.943226263387398 -0.000000037210000 +2.379344839766712 -0.000006053343282 +0.943226312314427 +0.000000000000000 +2.379352799242616 +0.000000000000000 +2.379352799242616 +0.000000000000000 +0.943226312314427 +0.000000000000000
 16   4 +0.750000000000000 +0.190000000000000 +0.060000000000000 +1.435746055048148 +1000.000000000000000 +0.943226263282311 -0.000000037071415 +2.379344822671011 -0.000006030798204 +0.943226312314427 +0.000000000000000 +2.379352799242616 +0.000000000000000 +2.379352799242616 +0.000000000000000 +0.943226312314427 +0.000000000000000
 16   5 +0.750000000000000 +0.200000000000000 +0.060000000000000 +1.438840342328346 +1000.000000000000000 +0.943226263177851 -0.000000036932847 +2.379344805677495 -0.000006008255837 +0.943226312314427 +0.000000000000000 +2.379352799242616 +0.000000000000000 +2.379352799242616 +0.000000000000000 +0.943226312314427 +0.000000000000000
 16   6 +0.750000000000000 +0.210000000000000 +0.060000000000000 +1.441974492416468 +1000.000000000000000 +0.943226263074024 -0.000000036794307 +2.379344788786867 -0.000005985718022 +0.943226312314427 +0.000000000000000 +2.379352799242616 +0.000000000000000 +2.379352799242616 +0.000000000000000 +0.943226312314427 +0.000000000000000
 16   7 +0.750000000000000 +0.220000000000000 +0.060000000000000 +1.445048896373068 +1000.000000000000000 +0.943226262970834 -0.000000036655806 +2.379344771999801 -0.000005963186592 +0.943226312314427 +0.000000000000000 +2.379352799242616 +0.000000000000000 +2.379352799242616 +0.000000000000000 +0.943226312314427 +0.000000000000000
 16   8 +0.750000000000000 +0.230000000000000 +0.060000000000000 +1.448135804339663 +1000.000000000000000 +0.943226262868284 -0.000000036517355 +2.379344755316940 -0.000005940663369 +0.943226312314427 +0.000000000000000 +2.379352799242616 +0.000000000000000 +2.379352799242616 +0.000000000000000 +0.943226312314427 +0.000000000000000
 16   9 +0.750000000000000 +0.240000000000000 +0.060000000000000 +1.451143226479570 +1000.000000000000000 +0.943226262766379 -0.000000036378966 +2.379344738738898 -0.000005918150164 +0.943226312314427 +0.000000000000000 +2.379352799242616 +0.000000000000000 +2.379352799242616 +0.000000000000000 +0.943226312314427 +0.000000000000000
 16  10 +0.750000000000000 +0.250000000000000 +0.060000000000000 +1.454143373928877 +1000.000000000000000 +0.943226262665121 -0.000000036240650 +2.379344722266260 -0.000005895648776 +0.943226312314427 +0.000000000000000 +2.379352799242616 +0.000000000000000 +2.379352799242616 +0.000000000000000 +0.943226312314427 +0.000000000000000
 16  11 +0.750000000000000 +0.260000000000000 +0.060000000000000 +1.457053647848151 +1000.000000000000000 +0.943226262564515 -0.000000036102417 +2.379344705899579 -0.000005873160992 +0.943226312314427 +0.000000000000000 +2.379352799242616 +0.000000000000000 +2.379352799242616 +0.000000000000000 +0.943226312314427 +0.000000000000000
 16  12 +0.750000000000000 +0.270000000000000 +0.060000000000000 +1.459940170668427 +1000.000000000000000 +0.943226262464563 -0.000000035964279 +2.379344689639380 -0.000005850688584 +0.943226312314427 +0.000000000000000 +2.379352799242616 +0.000000000000000 +2.379352799242616 +0.000000000000000 +0.943226312314427 +0.000000000000000
 16  13 +0.750000000000000 +0.280000000000000 +0.060000000000000 +1.462733925098632 +1000.000000000000000 +0.943226262365269 -0.000000035826246 +2.379344673486158 -0.000005828233312 +0.943226312314427 +0.000000000000000 +2.379352799242616 +0.000000000000000 +2.379352799242616 +0.000000000000000 +0.943226312314427 +0.000000000000000
 16  14 +0.750000000000000 +0.290000000000000 +0.060000000000000 +1.465488796168072 +1000.000000000000000 +0.943226262266635 -0.000000035688329 +2.379344657440379 -0.000005805796921 +0.943226312314427 +0.000000000000000 +2.379352799242616 +0.000000000000000 +2.379352799242616 +0.000000000000000 +0.943226312314427 +0.000000000000000
 16  15 +0.750000000000000 +0.300000000000000 +0.060000000000000 +1.468154624795604 +1000.000000000000000 +0.943226262168665 -0.000000035550539 +2.379344641502478 -0.000005783381139 +0.943226312314427 +0.000000000000000 +2.379352799242616 +0.000000000000000 +2.379352799242616 +0.000000000000000 +0.943226312314427 +0.000000000000000
 16  16 +0.750000000000000 +0.310000000000000 +0.060000000000000 +1.470767316583991 +1000.000000000000000 +0.943226262071360 -0.000000035412886 +2.379344625672863 -0.000005760987680 +0.943226312314427 +0.000000000000000 +2.379352799242616 +0.000000000000000 +2.379352799242616 +0.000000000000000 +0.943226312314427 +0.000000000000000
 16  17 +0.750000000000000 +0.320000000000000 +0.060000000000000 +1.473298341710333 +1000.000000000000000 +0.943226261974723 -0.000000035275380 +2.379344609951911 -0.000005738618241 +0.943226312314427 +0.000000000000000 +2.379352799242616 +0.000000000000000 +2.379352799242616 +0.000000000000000 +0.943226312314427 +0.000000000000000
 16  18 +0.750000000000000 +0.330000000000000 +0.060000000000000 +1.475763587974394 +1000.000000000000000 +0.943226261878756 -0.000000035138033 +2.379344594339972 -0.000005716274500 +0.943226312314427 +0.000000000000000 +2.379352799242616 +0.000000000000000 +2.379352799242616 +0.000000000000000 +0.943226312314427 +0.000000000000000
 16  19 +0.750000000000000 +0.340000000000000 +0.060000000000000 +1.478156317664200 +1000.000000000000000 +0.943226261783461 -0.000000035000854 +2.379344578837366 -0.000005693958121 +0.943226312314427 +0.000000000000000 +2.379352799242616 +0.000000000000000 +2.379352799242616 +0.000000000000000 +0.943226312314427 +0.000000000000000
 16  20 +0.750000000000000 +0.350000000000000 +0.060000000000000 +1.480472682073195 +1000.000000000000000 +0.943226261688840 -0.000000034863853 +2.379344563444385 -0.000005671670745 +0.943226312314427 +0.000000000000000 +2.379352799242616 +0.000000000000000 +2.379352799242616 +0.000000000000000 +0.943226312314427 +0.000000000000000
 17   0 +0.760000000000000 +0.150000000000000 +0.060000000000000 +1.371948801580308 +1000.000000000000000 +0.959976159883956 -0.000000046811536 +2.365035426335703 -0.000006086320026 +0.959976220907681 +0.000000000000000 +2.365043360489302 +0.000000000000000 +2.365043360489302 +0.000000000000000 +0.959976220907681 +0.000000000000000
 17   1 +0.760000000000000 +0.160000000000000 +0.060000000000000 +1.382264497485486 +1000.000000000000000 +0.959976159750120 -0.000000046636549 +2.365035408934697 -0.000006063568597 +0.959976220907681 +0.000000000000000 +2.365043360489302 +0.000000000000000 +2.365043360489302 +0.000000000000000 +0.959976220907681 +0.000000000000000
 17   2 +0.760000000000000 +0.170000000000000 +0.060000000000000 +1.391835211786297 +1000.000000000000000 +0.959976159617070 -0.000000046461553 +2.365035391635810 -0.000006040816071 +0.959976220907681 +0.000000000000000 +2.365043360489302 +0.000000000000000 +2.365043360489302 +0.000000000000000 +0.959976220907681 +0.000000000000000
 17   3 +0.760000000000000 +0.180000000000000 +0.060000000000000 +1.400760170787123 +1000.000000000000000 +0.959976159484811 -0.000000046286563 +2.365035374439830 -0.000006018064357 +0.959976220907681 +0.000000000000000 +2.365043360489302 +0.000000000000000 +2.365043360489302 +0.000000000000000 +0.959976220907681 +0.000000000000000
 17   4 +0.760000000000000 +0.190000000000000 +0.060000000000000 +1.405827479097082 +1000.000000000000000 +0.959976159353349 -0.000000046111595 +2.365035357347506 -0.000005995315353 +0.959976220907681 +0.000000000000000 +2.365043360489302 +0.000000000000000 +2.365043360489302 +0.000000000000000 +0.959976220907681 +0.000000000000000
 17   5 +0.760000000000000 +0.200000000000000 +0.060000000000000 +1.409054536664672 +1000.000000000000000 +0.959976159222690 -0.000000045936661 +2.365035340359565 -0.000005972570952 +0.959976220907681 +0.000000000000000 +2.365043360489302 +0.000000000000000 +2.365043360489302 +0.000000000000000 +0.959976220907681 +0.000000000000000
 17   6 +0.760000000000000 +0.210000000000000 +0.060000000000000 +1.412307755865447 +1000.000000000000000 +0.959976159092839 -0.000000045761778 +2.365035323476696 -0.000005949833035 +0.959976220907681 +0.000000000000000 +2.365043360489302 +0.000000000000000 +2.365043360489302 +0.000000000000000 +0.959976220907681 +0.000000000000000
 17   7 +0.760000000000000 +0.220000000000000 +0.060000000000000 +1.415488964850578 +1000.000000000000000 +0.959976158963802 -0.000000045586959 +2.365035306699561 -0.000005927103473 +0.959976220907681 +0.000000000000000 +2.365043360489302 +0.000000000000000 +2.365043360489302 +0.000000000000000 +0.959976220907681 +0.000000000000000
 17   8 +0.760000000000000 +0.230000000000000 +0.060000000000000 +1.418671218315267 +1000.000000000000000 +0.959976158835582 -0.000000045412218 +2.365035290028790 -0.000005904384125 +0.959976220907681 +0.000000000000000 +2.365043360489302 +0.000000000000000 +2.365043360489302 +0.000000000000000 +0.959976220907681 +0.000000000000000
 17   9 +0.760000000000000 +0.240000000000000 +0.060000000000000 +1.421765127521248 +1000.000000000000000 +0.959976158708186 -0.000000045237570 +2.365035273464983 -0.000005881676839 +0.959976220907681 +0.000000000000000 +2.365043360489302 +0.000000000000000 +2.365043360489302 +0.000000000000000 +0.959976220907681 +0.000000000000000
 17  10 +0.760000000000000 +0.250000000000000 +0.060000000000000 +1.424841188439218 +1000.000000000000000 +0.959976158581616 -0.000000045063029 +2.365035257008709 -0.000005858983449 +0.959976220907681 +0.000000000000000 +2.365043360489302 +0.000000000000000 +2.365043360489302 +0.000000000000000 +0.959976220907681 +0.000000000000000
 17  11 +0.760000000000000 +0.260000000000000 +0.060000000000000 +1.427820803931805 +1000.000000000000000 +0.959976158455877 -0.000000044888609 +2.365035240660506 -0.000005836305775 +0.959976220907681 +0.000000000000000 +2.365043360489302 +0.000000000000000 +2.365043360489302 +0.000000000000000 +0.959976220907681 +0.000000000000000
 17  12 +0.760000000000000 +0.270000000000000 +0.060000000000000 +1.430765757405439 +1000.000000000000000 +0.959976158330974 -0.000000044714324 +2.365035224420883 -0.000005813645625 +0.959976220907681 +0.000000000000000 +2.365043360489302 +0.000000000000000 +2.365043360489302 +0.000000000000000 +0.959976220907681 +0.000000000000000
 17  13 +0.760000000000000 +0.280000000000000 +0.060000000000000 +1.433616018229733 +1000.000000000000000 +0.959976158206910 -0.000000044540187 +2.365035208290315 -0.000005791004789 +0.959976220907681 +0.000000000000000 +2.365043360489302 +0.000000000000000 +2.365043360489302 +0.000000000000000 +0.959976220907681 +0.000000000000000
 17  14 +0.760000000000000 +0.290000000000000 +0.060000000000000 +1.436415323401790 +1000.000000000000000 +0.959976158083687 -0.000000044366212 +2.365035192269252 -0.000005768385043 +0.959976220907681 +0.000000000000000 +2.365043360489302 +0.000000000000000 +2.365043360489302 +0.000000000000000 +0.959976220907681 +0.000000000000000
 17  15 +0.760000000000000 +0.300000000000000 +0.060000000000000 +1.439126462775914 +1000.000000000000000 +0.959976157961310 -0.000000044192413 +2.365035176358110 -0.000005745788146 +0.959976220907681 +0.000000000000000 +2.365043360489302 +0.000000000000000 +2.365043360489302 +0.000000000000000 +0.959976220907681 +0.000000000000000
 17  16 +0.760000000000000 +0.310000000000000 +0.060000000000000 +1.441772137582711 +1000.000000000000000 +0.959976157839782 -0.000000044018804 +2.365035160557276 -0.000005723215840 +0.959976220907681 +0.000000000000000 +2.365043360489302 +0.000000000000000 +2.365043360489302 +0.000000000000000 +0.959976220907681 +0.000000000000000
 17  17 +0.760000000000000 +0.320000000000000 +0.060000000000000 +1.444338914632679 +1000.000000000000000 +0.959976157719104 -0.000000043845396 +2.365035144867107 -0.000005700669849 +0.959976220907681 +0.000000000000000 +2.365043360489302 +0.000000000000000 +2.365043360489302 +0.000000000000000 +0.959976220907681 +0.000000000000000
 17  18 +0.760000000000000 +0.330000000000000 +0.060000000000000 +1.446827758348034 +1000.000000000000000 +0.959976157599281 -0.000000043672204 +2.365035129287932 -0.000005678151880 +0.959976220907681 +0.000000000000000 +2.365043360489302 +0.000000000000000 +2.365043360489302 +0.000000000000000 +0.959976220907681 +0.000000000000000
 17  19 +0.760000000000000 +0.340000000000000 +0.060000000000000 +1.449248061793051 +1000.000000000000000 +0.959976157480313 -0.000000043499241 +2.365035113820047 -0.000005655663620 +0.959976220907681 +0.000000000000000 +2.365043360489302 +0.000000000000000 +2.365043360489302 +0.000000000000000 +0.959976220907681 +0.000000000000000
 17  20 +0.760000000000000 +0.350000000000000 +0.060000000000000 +1.451580334046089 +1000.000000000000000 +0.959976157362204 -0.000000043326519 +2.365035098463725 -0.000005633206737 +0.959976220907681 +0.000000000000000 +2.365043360489302 +0.000000000000000 +2.365043360489302 +0.000000000000000 +0.959976220907681 +0.000000000000000
 18   0 +0.770000000000000 +0.150000000000000 +0.060000000000000 +1.343407544825685 +1000.000000000000000 +0.977022396524244 -0.000000056376934 +2.350430893480523 -0.000006049871312 +0.977022470717934 +0.000000000000000 +2.350438855287733 +0.000000000000000 +2.350438855287733 +0.000000000000000 +0.977022470717934 +0.000000000000000
 18   1 +0.770000000000000 +0.160000000000000 +0.060000000000000 +1.353762946304950 +1000.000000000000000 +0.977022396362079 -0.000000056162880 +2.350430876078403 -0.000006026900979 +0.977022470717934 +0.000000000000000 +2.350438855287733 +0.000000000000000 +2.350438855287733 +0.000000000000000 +0.977022470717934 +0.000000000000000
 18   2 +0.770000000000000 +0.170000000000000 +0.060000000000000 +1.363357167294981 +1000.000000000000000 +0.977022396200887 -0.000000055948834 +2.350430858780752 -0.000006003931466 +0.977022470717934 +0.000000000000000 +2.350438855287733 +0.000000000000000 +2.350438855287733 +0.000000000000000 +0.977022470717934 +0.000000000000000
 18   3 +0.770000000000000 +0.180000000000000 +0.060000000000000 +1.371978863912089 +1000.000000000000000 +0.977022396040676 -0.000000055734814 +2.350430841588345 -0.000005980964726 +0.977022470717934 +0.000000000000000 +2.350438855287733 +0.000000000000000 +2.350438855287733 +0.000000000000000 +0.977022470717934 +0.000000000000000
 18   4 +0.770000000000000 +0.190000000000000 +0.060000000000000 +1.375396233673840 +1000.000000000000000 +0.977022395881453 -0.000000055520838 +2.350430824501923 -0.000005958002703 +0.977022470717934 +0.000000000000000 +2.350438855287733 +0.000000000000000 +2.350438855287733 +0.000000000000000 +0.977022470717934 +0.000000000000000
 18   5 +0.770000000000000 +0.200000000000000 +0.060000000000000 +1.378756028313441 +1000.000000000000000 +0.977022395723224 -0.000000055306924 +2.350430807522196 -0.000005935047330 +0.977022470717934 +0.000000000000000 +2.350438855287733 +0.000000000000000 +2.350438855287733 +0.000000000000000 +0.977022470717934 +0.000000000000000
 18   6 +0.770000000000000 +0.210000000000000 +0.060000000000000 +1.382129018790975 +1000.000000000000000 +0.977022395565996 -0.000000055093090 +2.350430790649845 -0.000005912100529 +0.977022470717934 +0.000000000000000 +2.350438855287733 +0.000000000000000 +2.350438855287733 +0.000000000000000 +0.977022470717934 +0.000000000000000
 18   7 +0.770000000000000 +0.220000000000000 +0.060000000000000 +1.385416196040726 +1000.000000000000000 +0.977022395409774 -0.000000054879353 +2.350430773885515 -0.000005889164213 +0.977022470717934 +0.000000000000000 +2.350438855287733 +0.000000000000000 +2.350438855287733 +0.000000000000000 +0.977022470717934 +0.000000000000000
 18   8 +0.770000000000000 +0.230000000000000 +0.060000000000000 +1.388691214853820 +1000.000000000000000 +0.977022395254564 -0.000000054665732 +2.350430757229822 -0.000005866240280 +0.977022470717934 +0.000000000000000 +2.350438855287733 +0.000000000000000 +2.350438855287733 +0.000000000000000 +0.977022470717934 +0.000000000000000
 18   9 +0.770000000000000 +0.240000000000000 +0.060000000000000 +1.391873674261576 +1000.000000000000000 +0.977022395100373 -0.000000054452243 +2.350430740683351 -0.000005843330614 +0.977022470717934 +0.000000000000000 +2.350438855287733 +0.000000000000000 +2.350438855287733 +0.000000000000000 +0.977022470717934 +0.000000000000000
 18  10 +0.770000000000000 +0.250000000000000 +0.060000000000000 +1.395020243052972 +1000.000000000000000 +0.977022394947204 -0.000000054238905 +2.350430724246653 -0.000005820437088 +0.977022470717934 +0.000000000000000 +2.350438855287733 +0.000000000000000 +2.350438855287733 +0.000000000000000 +0.977022470717934 +0.000000000000000
 18  11 +0.770000000000000 +0.260000000000000 +0.060000000000000 +1.398073901954745 +1000.000000000000000 +0.977022394795063 -0.000000054025735 +2.350430707920248 -0.000005797561558 +0.977022470717934 +0.000000000000000 +2.350438855287733 +0.000000000000000 +2.350438855287733 +0.000000000000000 +0.977022470717934 +0.000000000000000
 18  12 +0.770000000000000 +0.270000000000000 +0.060000000000000 +1.401072456773092 +1000.000000000000000 +0.977022394643955 -0.000000053812750 +2.350430691704627 -0.000005774705864 +0.977022470717934 +0.000000000000000 +2.350438855287733 +0.000000000000000 +2.350438855287733 +0.000000000000000 +0.977022470717934 +0.000000000000000
 18  13 +0.770000000000000 +0.280000000000000 +0.060000000000000 +1.403983205998081 +1000.000000000000000 +0.977022394493883 -0.000000053599966 +2.350430675600247 -0.000005751871833 +0.977022470717934 +0.000000000000000 +2.350438855287733 +0.000000000000000 +2.350438855287733 +0.000000000000000 +0.977022470717934 +0.000000000000000
 18  14 +0.770000000000000 +0.290000000000000 +0.060000000000000 +1.406822313937327 +1000.000000000000000 +0.977022394344852 -0.000000053387402 +2.350430659607535 -0.000005729061271 +0.977022470717934 +0.000000000000000 +2.350438855287733 +0.000000000000000 +2.350438855287733 +0.000000000000000 +0.977022470717934 +0.000000000000000
 18  15 +0.770000000000000 +0.300000000000000 +0.060000000000000 +1.409582389367367 +1000.000000000000000 +0.977022394196865 -0.000000053175072 +2.350430643726888 -0.000005706275968 +0.977022470717934 +0.000000000000000 +2.350438855287733 +0.000000000000000 +2.350438855287733 +0.000000000000000 +0.977022470717934 +0.000000000000000
 18  16 +0.770000000000000 +0.310000000000000 +0.060000000000000 +1.412256577257536 +1000.000000000000000 +0.977022394049925 -0.000000052962995 +2.350430627958669 -0.000005683517698 +0.977022470717934 +0.000000000000000 +2.350438855287733 +0.000000000000000 +2.350438855287733 +0.000000000000000 +0.977022470717934 +0.000000000000000
 18  17 +0.770000000000000 +0.320000000000000 +0.060000000000000 +1.414862398435553 +1000.000000000000000 +0.977022393904037 -0.000000052751186 +2.350430612303215 -0.000005660788212 +0.977022470717934 +0.000000000000000 +2.350438855287733 +0.000000000000000 +2.350438855287733 +0.000000000000000 +0.977022470717934 +0.000000000000000
 18  18 +0.770000000000000 +0.330000000000000 +0.060000000000000 +1.417370506227462 +1000.000000000000000 +0.977022393759202 -0.000000052539661 +2.350430596760829 -0.000005638089244 +0.977022470717934 +0.000000000000000 +2.350438855287733 +0.000000000000000 +2.350438855287733 +0.000000000000000 +0.977022470717934 +0.000000000000000
 18  19 +0.770000000000000 +0.340000000000000 +0.060000000000000 +1.419819231940725 +1000.000000000000000 +0.977022393615424 -0.000000052328436 +2.350430581331787 -0.000005615422508 +0.977022470717934 +0.000000000000000 +2.350438855287733 +0.000000000000000 +2.350438855287733 +0.000000000000000 +0.977022470717934 +0.000000000000000
 18  20 +0.770000000000000 +0.350000000000000 +0.060000000000000 +1.422165320965386 +1000.000000000000000 +0.977022393472703 -0.000000052117528 +2.350430566016332 -0.000005592789696 +0.977022470717934 +0.000000000000000 +2.350438855287733 +0.000000000000000 +2.350438855287733 +0.000000000000000 +0.977022470717934 +0.000000000000000
 19   0 +0.780000000000000 +0.150000000000000 +0.060000000000000 +1.314358345591919 +1000.000000000000000 +0.994386175526381 -0.000000066352309 +2.335509458065567 -0.000006011474164 +0.994386263723723 +0.000000000000000 +2.335517448684878 +0.000000000000000 +2.335517448684878 +0.000000000000000 +0.994386263723723 +0.000000000000000
 19   1 +0.780000000000000 +0.160000000000000 +0.060000000000000 +1.324766155558305 +1000.000000000000000 +0.994386175334318 -0.000000066096242 +2.335509440664833 -0.000005988274673 +0.994386263723723 +0.000000000000000 +2.335517448684878 +0.000000000000000 +2.335517448684878 +0.000000000000000 +0.994386263723723 +0.000000000000000
 19   2 +0.780000000000000 +0.170000000000000 +0.060000000000000 +1.334365315977933 +1000.000000000000000 +0.994386175143436 -0.000000065840207 +2.335509423371050 -0.000005965078085 +0.994386263723723 +0.000000000000000 +2.335517448684878 +0.000000000000000 +2.335517448684878 +0.000000000000000 +0.994386263723723 +0.000000000000000
 19   3 +0.780000000000000 +0.180000000000000 +0.060000000000000 +1.340851627203483 +1000.000000000000000 +0.994386174953743 -0.000000065584227 +2.335509406184980 -0.000005941886400 +0.994386263723723 +0.000000000000000 +2.335517448684878 +0.000000000000000 +2.335517448684878 +0.000000000000000 +0.994386263723723 +0.000000000000000
 19   4 +0.780000000000000 +0.190000000000000 +0.060000000000000 +1.344416493779212 +1000.000000000000000 +0.994386174765247 -0.000000065328322 +2.335509389107354 -0.000005918701609 +0.994386263723723 +0.000000000000000 +2.335517448684878 +0.000000000000000 +2.335517448684878 +0.000000000000000 +0.994386263723723 +0.000000000000000
 19   5 +0.780000000000000 +0.200000000000000 +0.060000000000000 +1.347910478785547 +1000.000000000000000 +0.994386174577955 -0.000000065072515 +2.335509372138868 -0.000005895525688 +0.994386263723723 +0.000000000000000 +2.335517448684878 +0.000000000000000 +2.335517448684878 +0.000000000000000 +0.994386263723723 +0.000000000000000
 19   6 +0.780000000000000 +0.210000000000000 +0.060000000000000 +1.351392069797563 +1000.000000000000000 +0.994386174391875 -0.000000064816828 +2.335509355280185 -0.000005872360605 +0.994386263723723 +0.000000000000000 +2.335517448684878 +0.000000000000000 +2.335517448684878 +0.000000000000000 +0.994386263723723 +0.000000000000000
 19   7 +0.780000000000000 +0.220000000000000 +0.060000000000000 +1.354797270659629 +1000.000000000000000 +0.994386174207015 -0.000000064561282 +2.335509338531938 -0.000005849208313 +0.994386263723723 +0.000000000000000 +2.335517448684878 +0.000000000000000 +2.335517448684878 +0.000000000000000 +0.994386263723723 +0.000000000000000
 19   8 +0.780000000000000 +0.230000000000000 +0.060000000000000 +1.358156083676264 +1000.000000000000000 +0.994386174023380 -0.000000064305899 +2.335509321894725 -0.000005826070752 +0.994386263723723 +0.000000000000000 +2.335517448684878 +0.000000000000000 +2.335517448684878 +0.000000000000000 +0.994386263723723 +0.000000000000000
 19   9 +0.780000000000000 +0.240000000000000 +0.060000000000000 +1.361436150262851 +1000.000000000000000 +0.994386173840976 -0.000000064050699 +2.335509305369110 -0.000005802949846 +0.994386263723723 +0.000000000000000 +2.335517448684878 +0.000000000000000 +2.335517448684878 +0.000000000000000 +0.994386263723723 +0.000000000000000
 19  10 +0.780000000000000 +0.250000000000000 +0.060000000000000 +1.364646445551350 +1000.000000000000000 +0.994386173659811 -0.000000063795704 +2.335509288955630 -0.000005779847506 +0.994386263723723 +0.000000000000000 +2.335517448684878 +0.000000000000000 +2.335517448684878 +0.000000000000000 +0.994386263723723 +0.000000000000000
 19  11 +0.780000000000000 +0.260000000000000 +0.060000000000000 +1.367780523180653 +1000.000000000000000 +0.994386173479889 -0.000000063540936 +2.335509272654782 -0.000005756765626 +0.994386263723723 +0.000000000000000 +2.335517448684878 +0.000000000000000 +2.335517448684878 +0.000000000000000 +0.994386263723723 +0.000000000000000
 19  12 +0.780000000000000 +0.270000000000000 +0.060000000000000 +1.370826538792042 +1000.000000000000000 +0.994386173301214 -0.000000063286413 +2.335509256467037 -0.000005733706084 +0.994386263723723 +0.000000000000000 +2.335517448684878 +0.000000000000000 +2.335517448684878 +0.000000000000000 +0.994386263723723 +0.000000000000000
 19  13 +0.780000000000000 +0.280000000000000 +0.060000000000000 +1.373803078081171 +1000.000000000000000 +0.994386173123794 -0.000000063032158 +2.335509240392831 -0.000005710670738 +0.994386263723723 +0.000000000000000 +2.335517448684878 +0.000000000000000 +2.335517448684878 +0.000000000000000 +0.994386263723723 +0.000000000000000
 19  14 +0.780000000000000 +0.290000000000000 +0.060000000000000 +1.376676415024881 +1000.000000000000000 +0.994386172947631 -0.000000062778190 +2.335509224432568 -0.000005687661430 +0.994386263723723 +0.000000000000000 +2.335517448684878 +0.000000000000000 +2.335517448684878 +0.000000000000000 +0.994386263723723 +0.000000000000000
 19  15 +0.780000000000000 +0.300000000000000 +0.060000000000000 +1.379489291285926 +1000.000000000000000 +0.994386172772729 -0.000000062524530 +2.335509208586620 -0.000005664679983 +0.994386263723723 +0.000000000000000 +2.335517448684878 +0.000000000000000 +2.335517448684878 +0.000000000000000 +0.994386263723723 +0.000000000000000
 19  16 +0.780000000000000 +0.310000000000000 +0.060000000000000 +1.382187351531306 +1000.000000000000000 +0.994386172599093 -0.000000062271197 +2.335509192855330 -0.000005641728199 +0.994386263723723 +0.000000000000000 +2.335517448684878 +0.000000000000000 +2.335517448684878 +0.000000000000000 +0.994386263723723 +0.000000000000000
 19  17 +0.780000000000000 +0.320000000000000 +0.060000000000000 +1.384822347053428 +1000.000000000000000 +0.994386172426726 -0.000000062018212 +2.335509177239006 -0.000005618807862 +0.994386263723723 +0.000000000000000 +2.335517448684878 +0.000000000000000 +2.335517448684878 +0.000000000000000 +0.994386263723723 +0.000000000000000
 19  18 +0.780000000000000 +0.330000000000000 +0.060000000000000 +1.387358313531560 +1000.000000000000000 +0.994386172255632 -0.000000061765592 +2.335509161737928 -0.000005595920732 +0.994386263723723 +0.000000000000000 +2.335517448684878 +0.000000000000000 +2.335517448684878 +0.000000000000000 +0.994386263723723 +0.000000000000000
 19  19 +0.780000000000000 +0.340000000000000 +0.060000000000000 +1.389818146389085 +1000.000000000000000 +0.994386172085811 -0.000000061513359 +2.335509146352343 -0.000005573068551 +0.994386263723723 +0.000000000000000 +2.335517448684878 +0.000000000000000 +2.335517448684878 +0.000000000000000 +0.994386263723723 +0.000000000000000
 19  20 +0.780000000000000 +0.350000000000000 +0.060000000000000 +1.392193623080709 +1000.000000000000000 +0.994386171917269 -0.000000061261530 +2.335509131082469 -0.000005550253036 +0.994386263723723 +0.000000000000000 +2.335517448684878 +0.000000000000000 +2.335517448684878 +0.000000000000000 +0.994386263723723 +0.000000000000000
 20   0 +0.790000000000000 +0.150000000000000 +0.060000000000000 +1.284775085862930 +1000.000000000000000 +1.012091858316204 -0.000000076772395 +2.320247456240089 -0.000005970952991 +1.012091961443169 +0.000000000000000 +2.320255476912829 +0.000000000000000 +2.320255476912829 +0.000000000000000 +1.012091961443169 +0.000000000000000
 20   1 +0.790000000000000 +0.160000000000000 +0.060000000000000 +1.295195493040279 +1000.000000000000000 +1.012091858092527 -0.000000076471016 +2.320247438843638 -0.000005947513305 +1.012091961443169 +0.000000000000000 +2.320255476912829 +0.000000000000000 +2.320255476912829 +0.000000000000000 +1.012091961443169 +0.000000000000000
 20   2 +0.790000000000000 +0.170000000000000 +0.060000000000000 +1.304833807803760 +1000.000000000000000 +1.012091857870258 -0.000000076169704 +2.320247421556767 -0.000005924078794 +1.012091961443169 +0.000000000000000 +2.320255476912829 +0.000000000000000 +2.320255476912829 +0.000000000000000 +1.012091961443169 +0.000000000000000
 20   3 +0.790000000000000 +0.180000000000000 +0.060000000000000 +1.309140029913364 +1000.000000000000000 +1.012091857649408 -0.000000075868484 +2.320247404380225 -0.000005900651505 +1.012091961443169 +0.000000000000000 +2.320255476912829 +0.000000000000000 +2.320255476912829 +0.000000000000000 +1.012091961443169 +0.000000000000000
 20   4 +0.790000000000000 +0.190000000000000 +0.060000000000000 +1.312839319878592 +1000.000000000000000 +1.012091857429986 -0.000000075567383 +2.320247387314725 -0.000005877233478 +1.012091961443169 +0.000000000000000 +2.320255476912829 +0.000000000000000 +2.320255476912829 +0.000000000000000 +1.012091961443169 +0.000000000000000
 20   5 +0.790000000000000 +0.200000000000000 +0.060000000000000 +1.316483520935146 +1000.000000000000000 +1.012091857212001 -0.000000075266428 +2.320247370360950 -0.000005853826737 +1.012091961443169 +0.000000000000000 +2.320255476912829 +0.000000000000000 +2.320255476912829 +0.000000000000000 +1.012091961443169 +0.000000000000000
 20   6 +0.790000000000000 +0.210000000000000 +0.060000000000000 +1.320068502741605 +1000.000000000000000 +1.012091856995460 -0.000000074965643 +2.320247353519546 -0.000005830433294 +1.012091961443169 +0.000000000000000 +2.320255476912829 +0.000000000000000 +2.320255476912829 +0.000000000000000 +1.012091961443169 +0.000000000000000
 20   7 +0.790000000000000 +0.220000000000000 +0.060000000000000 +1.323598212707166 +1000.000000000000000 +1.012091856780372 -0.000000074665055 +2.320247336791126 -0.000005807055148 +1.012091961443169 +0.000000000000000 +2.320255476912829 +0.000000000000000 +2.320255476912829 +0.000000000000000 +1.012091961443169 +0.000000000000000
 20   8 +0.790000000000000 +0.230000000000000 +0.060000000000000 +1.327035451088853 +1000.000000000000000 +1.012091856566744 -0.000000074364689 +2.320247320176270 -0.000005783694281 +1.012091961443169 +0.000000000000000 +2.320255476912829 +0.000000000000000 +2.320255476912829 +0.000000000000000 +1.012091961443169 +0.000000000000000
 20   9 +0.790000000000000 +0.240000000000000 +0.060000000000000 +1.330418758829351 +1000.000000000000000 +1.012091856354583 -0.000000074064571 +2.320247303675524 -0.000005760352662 +1.012091961443169 +0.000000000000000 +2.320255476912829 +0.000000000000000 +2.320255476912829 +0.000000000000000 +1.012091961443169 +0.000000000000000
 20  10 +0.790000000000000 +0.250000000000000 +0.060000000000000 +1.333687380885201 +1000.000000000000000 +1.012091856143896 -0.000000073764725 +2.320247287289399 -0.000005737032239 +1.012091961443169 +0.000000000000000 +2.320255476912829 +0.000000000000000 +2.320255476912829 +0.000000000000000 +1.012091961443169 +0.000000000000000
 20  11 +0.790000000000000 +0.260000000000000 +0.060000000000000 +1.336899811560441 +1000.000000000000000 +1.012091855934689 -0.000000073465177 +2.320247271018375 -0.000005713734947 +1.012091961443169 +0.000000000000000 +2.320255476912829 +0.000000000000000 +2.320255476912829 +0.000000000000000 +1.012091961443169 +0.000000000000000
 20  12 +0.790000000000000 +0.270000000000000 +0.060000000000000 +1.339994937625825 +1000.000000000000000 +1.012091855726968 -0.000000073165951 +2.320247254862896 -0.000005690462700 +1.012091961443169 +0.000000000000000 +2.320255476912829 +0.000000000000000 +2.320255476912829 +0.000000000000000 +1.012091961443169 +0.000000000000000
 20  13 +0.790000000000000 +0.280000000000000 +0.060000000000000 +1.343020430408556 +1000.000000000000000 +1.012091855520737 -0.000000072867071 +2.320247238823376 -0.000005667217395 +1.012091961443169 +0.000000000000000 +2.320255476912829 +0.000000000000000 +2.320255476912829 +0.000000000000000 +1.012091961443169 +0.000000000000000
 20  14 +0.790000000000000 +0.290000000000000 +0.060000000000000 +1.345943896614487 +1000.000000000000000 +1.012091855316003 -0.000000072568561 +2.320247222900193 -0.000005644000907 +1.012091961443169 +0.000000000000000 +2.320255476912829 +0.000000000000000 +2.320255476912829 +0.000000000000000 +1.012091961443169 +0.000000000000000
 20  15 +0.790000000000000 +0.300000000000000 +0.060000000000000 +1.348780163687624 +1000.000000000000000 +1.012091855112768 -0.000000072270446 +2.320247207093694 -0.000005620815093 +1.012091961443169 +0.000000000000000 +2.320255476912829 +0.000000000000000 +2.320255476912829 +0.000000000000000 +1.012091961443169 +0.000000000000000
 20  16 +0.790000000000000 +0.310000000000000 +0.060000000000000 +1.351530124952373 +1000.000000000000000 +1.012091854911038 -0.000000071972749 +2.320247191404194 -0.000005597661787 +1.012091961443169 +0.000000000000000 +2.320255476912829 +0.000000000000000 +2.320255476912829 +0.000000000000000 +1.012091961443169 +0.000000000000000
 20  17 +0.790000000000000 +0.320000000000000 +0.060000000000000 +1.354178868721325 +1000.000000000000000 +1.012091854710816 -0.000000071675494 +2.320247175831974 -0.000005574542803 +1.012091961443169 +0.000000000000000 +2.320255476912829 +0.000000000000000 +2.320255476912829 +0.000000000000000 +1.012091961443169 +0.000000000000000
 20  18 +0.790000000000000 +0.330000000000000 +0.060000000000000 +1.356756360300122 +1000.000000000000000 +1.012091854512105 -0.000000071378702 +2.320247160377285 -0.000005551459932 +1.012091961443169 +0.000000000000000 +2.320255476912829 +0.000000000000000 +2.320255476912829 +0.000000000000000 +1.012091961443169 +0.000000000000000
 20  19 +0.790000000000000 +0.340000000000000 +0.060000000000000 +1.359222067925356 +1000.000000000000000 +1.012091854314908 -0.000000071082398 +2.320247145040346 -0.000005528414941 +1.012091961443169 +0.000000000000000 +2.320255476912829 +0.000000000000000 +2.320255476912829 +0.000000000000000 +1.012091961443169 +0.000000000000000
 20  20 +0.790000000000000 +0.350000000000000 +0.060000000000000 +1.361620582295215 +1000.000000000000000 +1.012091854119228 -0.000000070786603 +2.320247129821345 -0.000005505409576 +1.012091961443169 +0.000000000000000 +2.320255476912829 +0.000000000000000 +2.320255476912829 +0.000000000000000 +1.012091961443169 +0.000000000000000
