# i   j  Gamma              Lambda             paramK             distTrajToEq       integrationTime      startPtfi1         startPtV1          startPtfi2         startPtV2          sadfocPtfi1        sadfocPtV1         sadfocPtfi2        sadfocPtV2         saddlePtfi1        saddlePtV1         saddlePtfi2        saddlePtV2
# 0   1  2                  3                  4                  5                  6                    7                  8                  9                  10                 11                 12                 13                 14                 15                 16                 17                 18
  0   0 +0.600000000000000 +0.150000000000000 +0.060000000000000 +1.779491942756010 +500.000000000000000 +0.717715665002622 +0.000000067521903 +2.568371789836454 -0.000006492573597 +0.717715585911872 +0.000000000000000 +2.568379394813346 +0.000000000000000 +2.568379394813346 +0.000000000000000 +0.717715585911872 +0.000000000000000
  0   0 +0.600000000000000 +0.150000000000000 +0.060000000000000 +2.617239291411315 +500.000000000000000 +0.717715506821123 -0.000000067521903 +2.568386999790238 +0.000006492573597 +0.717715585911872 +0.000000000000000 +2.568379394813346 +0.000000000000000 +2.568379394813346 +0.000000000000000 +0.717715585911872 +0.000000000000000
  0   1 +0.600000000000000 +0.250000000000000 +0.060000000000000 +1.848267006285223 +500.000000000000000 +0.717715666756882 +0.000000065411303 +2.568371621155513 -0.000006289628712 +0.717715585911872 +0.000000000000000 +2.568379394813346 +0.000000000000000 +2.568379394813346 +0.000000000000000 +0.717715585911872 +0.000000000000000
  0   1 +0.600000000000000 +0.250000000000000 +0.060000000000000 +2.617239411926948 +500.000000000000000 +0.717715505066863 -0.000000065411303 +2.568387168471179 +0.000006289628712 +0.717715585911872 +0.000000000000000 +2.568379394813346 +0.000000000000000 +2.568379394813346 +0.000000000000000 +0.717715585911872 +0.000000000000000
  0   2 +0.600000000000000 +0.350000000000000 +0.060000000000000 +1.867866659477002 +500.000000000000000 +0.717715668424545 +0.000000063294652 +2.568371460801234 -0.000006086101974 +0.717715585911872 +0.000000000000000 +2.568379394813346 +0.000000000000000 +2.568379394813346 +0.000000000000000 +0.717715585911872 +0.000000000000000
  0   2 +0.600000000000000 +0.350000000000000 +0.060000000000000 +2.617239526493517 +500.000000000000000 +0.717715503399200 -0.000000063294652 +2.568387328825459 +0.000006086101974 +0.717715585911872 +0.000000000000000 +2.568379394813346 +0.000000000000000 +2.568379394813346 +0.000000000000000 +0.717715585911872 +0.000000000000000
  1   0 +0.700000000000000 +0.150000000000000 +0.060000000000000 +1.534258135358390 +500.000000000000000 +0.863305321938368 +0.000000003445364 +2.447080009341491 -0.000006271677116 +0.863305317659546 +0.000000000000000 +2.447087798181968 +0.000000000000000 +2.447087798181968 +0.000000000000000 +0.863305317659546 +0.000000000000000
  1   0 +0.700000000000000 +0.150000000000000 +0.060000000000000 +2.239812174386760 +500.000000000000000 +0.863305313380723 -0.000000003445364 +2.447095587022445 +0.000006271677116 +0.863305317659546 +0.000000000000000 +2.447087798181968 +0.000000000000000 +2.447087798181968 +0.000000000000000 +0.863305317659546 +0.000000000000000
  1   1 +0.700000000000000 +0.250000000000000 +0.060000000000000 +1.593940600245370 +500.000000000000000 +0.863305322031441 +0.000000003326468 +2.447079839918695 -0.000006055246940 +0.863305317659546 +0.000000000000000 +2.447087798181968 +0.000000000000000 +2.447087798181968 +0.000000000000000 +0.863305317659546 +0.000000000000000
  1   1 +0.700000000000000 +0.250000000000000 +0.060000000000000 +2.239812294252282 +500.000000000000000 +0.863305313287650 -0.000000003326468 +2.447095756445241 +0.000006055246940 +0.863305317659546 +0.000000000000000 +2.447087798181968 +0.000000000000000 +2.447087798181968 +0.000000000000000 +0.863305317659546 +0.000000000000000
  1   2 +0.700000000000000 +0.350000000000000 +0.060000000000000 +1.618130848493960 +500.000000000000000 +0.863305322119209 +0.000000003207843 +2.447079680152008 -0.000005839311551 +0.863305317659546 +0.000000000000000 +2.447087798181968 +0.000000000000000 +2.447087798181968 +0.000000000000000 +0.863305317659546 +0.000000000000000
  1   2 +0.700000000000000 +0.350000000000000 +0.060000000000000 +2.239812407286164 +500.000000000000000 +0.863305313199882 -0.000000003207843 +2.447095916211928 +0.000005839311551 +0.863305317659546 +0.000000000000000 +2.447087798181968 +0.000000000000000 +2.447087798181968 +0.000000000000000 +0.863305317659546 +0.000000000000000
  2   0 +0.800000000000000 +0.150000000000000 +0.060000000000000 +1.254639228344729 +500.000000000000000 +1.030165826039305 -0.000000087677132 +2.304617371427449 -0.000005928104985 +1.030165945129924 +0.000000000000000 +2.304625423489386 +0.000000000000000 +2.304625423489386 +0.000000000000000 +1.030165945129924 +0.000000000000000
  2   0 +0.800000000000000 +0.150000000000000 +0.060000000000000 +1.802363488467717 +500.000000000000000 +1.030166064220543 +0.000000087677132 +2.304633475551323 +0.000005928104985 +1.030165945129924 +0.000000000000000 +2.304625423489386 +0.000000000000000 +2.304625423489386 +0.000000000000000 +1.030165945129924 +0.000000000000000
  2   1 +0.800000000000000 +0.250000000000000 +0.060000000000000 +1.302107591183269 +500.000000000000000 +1.030165823543467 -0.000000084181877 +2.304617202676614 -0.000005691780698 +1.030165945129924 +0.000000000000000 +2.304625423489386 +0.000000000000000 +2.304625423489386 +0.000000000000000 +1.030165945129924 +0.000000000000000
  2   1 +0.800000000000000 +0.250000000000000 +0.060000000000000 +1.802363606027383 +500.000000000000000 +1.030166066716381 +0.000000084181877 +2.304633644302158 +0.000005691780698 +1.030165945129924 +0.000000000000000 +2.304625423489386 +0.000000000000000 +2.304625423489386 +0.000000000000000 +1.030165945129924 +0.000000000000000
  2   2 +0.800000000000000 +0.350000000000000 +0.060000000000000 +1.330388686668505 +500.000000000000000 +1.030165821221297 -0.000000080724885 +2.304617045667970 -0.000005458043465 +1.030165945129924 +0.000000000000000 +2.304625423489386 +0.000000000000000 +2.304625423489386 +0.000000000000000 +1.030165945129924 +0.000000000000000
  2   2 +0.800000000000000 +0.350000000000000 +0.060000000000000 +1.802363715406887 +500.000000000000000 +1.030166069038551 +0.000000080724885 +2.304633801310802 +0.000005458043465 +1.030165945129924 +0.000000000000000 +2.304625423489386 +0.000000000000000 +2.304625423489386 +0.000000000000000 +1.030165945129924 +0.000000000000000
