# i   j  Gamma              Lambda             paramK             distTrajToEq       integrationTime      startPtfi1         startPtV1          startPtfi2         startPtV2          sadfocPtfi1        sadfocPtV1         sadfocPtfi2        sadfocPtV2         saddlePtfi1        saddlePtV1         saddlePtfi2        saddlePtV2
# 0   1  2                  3                  4                  5                  6                    7                  8                  9                  10                 11                 12                 13                 14                 15                 16                 17                 18
 14   0 +0.610000000000000 +0.100000000000000 +0.060000000000000 +1.683465402597052 +1000.000000000000000 +0.731608374162150 +0.000000062942058 +2.556904888336194 -0.000006575536498 +0.731608302050612 +0.000000000000000 +2.556912421805380 +0.000000000000000 +2.556912421805380 +0.000000000000000 +0.731608302050612 +0.000000000000000
 15   0 +0.625000000000000 +0.100000000000000 +0.060000000000000 +1.648899621015860 +1000.000000000000000 +0.752692064313889 +0.000000054172875 +2.539461372435043 -0.000006547483494 +0.752692001780018 +0.000000000000000 +2.539468930451629 +0.000000000000000 +2.539468930451629 +0.000000000000000 +0.752692001780018 +0.000000000000000
 15   1 +0.625000000000000 +0.115000000000000 +0.060000000000000 +1.679200723463286 +1000.000000000000000 +0.752692064532636 +0.000000053919331 +2.539461345996660 -0.000006516839544 +0.752692001780018 +0.000000000000000 +2.539468930451629 +0.000000000000000 +2.539468930451629 +0.000000000000000 +0.752692001780018 +0.000000000000000
 16   0 +0.640000000000000 +0.100000000000000 +0.060000000000000 +1.613900311116680 +1000.000000000000000 +0.774088647204949 +0.000000044989561 +2.521707591951491 -0.000006517786089 +0.774088594857284 +0.000000000000000 +2.521715175730243 +0.000000000000000 +2.521715175730243 +0.000000000000000 +0.774088594857284 +0.000000000000000
 16   1 +0.640000000000000 +0.115000000000000 +0.060000000000000 +1.644459139353376 +1000.000000000000000 +0.774088647387758 +0.000000044775975 +2.521707565467341 -0.000006486843163 +0.774088594857284 +0.000000000000000 +2.521715175730243 +0.000000000000000 +2.521715175730243 +0.000000000000000 +0.774088594857284 +0.000000000000000
 16   2 +0.640000000000000 +0.130000000000000 +0.060000000000000 +1.664403416095481 +1000.000000000000000 +0.774088647569364 +0.000000044562038 +2.521707539157421 -0.000006455849378 +0.774088594857284 +0.000000000000000 +2.521715175730243 +0.000000000000000 +2.521715175730243 +0.000000000000000 +0.774088594857284 +0.000000000000000
 16   3 +0.640000000000000 +0.145000000000000 +0.060000000000000 +1.679618635566866 +1000.000000000000000 +0.774088647749746 +0.000000044347785 +2.521707513024845 -0.000006424809853 +0.774088594857284 +0.000000000000000 +2.521715175730243 +0.000000000000000 +2.521715175730243 +0.000000000000000 +0.774088594857284 +0.000000000000000
 16   4 +0.640000000000000 +0.160000000000000 +0.060000000000000 +1.693945617146295 +1000.000000000000000 +0.774088647928884 +0.000000044133252 +2.521707487072622 -0.000006393729714 +0.774088594857284 +0.000000000000000 +2.521715175730243 +0.000000000000000 +2.521715175730243 +0.000000000000000 +0.774088594857284 +0.000000000000000
 17   0 +0.655000000000000 +0.100000000000000 +0.060000000000000 +1.578416006450128 +1000.000000000000000 +0.795820268253906 +0.000000035364655 +2.503619621622957 -0.000006486308609 +0.795820226758101 +0.000000000000000 +2.503627232459184 +0.000000000000000 +2.503627232459184 +0.000000000000000 +0.795820226758101 +0.000000000000000
 17   1 +0.655000000000000 +0.115000000000000 +0.060000000000000 +1.609182628568648 +1000.000000000000000 +0.795820268398552 +0.000000035194226 +2.503619595093185 -0.000006455049810 +0.795820226758101 +0.000000000000000 +2.503627232459184 +0.000000000000000 +2.503627232459184 +0.000000000000000 +0.795820226758101 +0.000000000000000
 17   2 +0.655000000000000 +0.130000000000000 +0.060000000000000 +1.627410170693611 +1000.000000000000000 +0.795820268542223 +0.000000035023532 +2.503619568742147 -0.000006423742571 +0.795820226758101 +0.000000000000000 +2.503627232459184 +0.000000000000000 +2.503627232459184 +0.000000000000000 +0.795820226758101 +0.000000000000000
 17   3 +0.655000000000000 +0.145000000000000 +0.060000000000000 +1.642913784201276 +1000.000000000000000 +0.795820268684903 +0.000000034852604 +2.503619542572962 -0.000006392392145 +0.795820226758101 +0.000000000000000 +2.503627232459184 +0.000000000000000 +2.503627232459184 +0.000000000000000 +0.795820226758101 +0.000000000000000
 17   4 +0.655000000000000 +0.160000000000000 +0.060000000000000 +1.657458558160281 +1000.000000000000000 +0.795820268826574 +0.000000034681468 +2.503619516588641 -0.000006361003790 +0.795820226758101 +0.000000000000000 +2.503627232459184 +0.000000000000000 +2.503627232459184 +0.000000000000000 +0.795820226758101 +0.000000000000000
 17   5 +0.655000000000000 +0.175000000000000 +0.060000000000000 +1.670971562488444 +1000.000000000000000 +0.795820268967222 +0.000000034510154 +2.503619490792083 -0.000006329582762 +0.795820226758101 +0.000000000000000 +2.503627232459184 +0.000000000000000 +2.503627232459184 +0.000000000000000 +0.795820226758101 +0.000000000000000
 17   6 +0.655000000000000 +0.190000000000000 +0.060000000000000 +1.683349649287054 +1000.000000000000000 +0.795820269106831 +0.000000034338691 +2.503619465186069 -0.000006298134312 +0.795820226758101 +0.000000000000000 +2.503627232459184 +0.000000000000000 +2.503627232459184 +0.000000000000000 +0.795820226758101 +0.000000000000000
 17   7 +0.655000000000000 +0.205000000000000 +0.060000000000000 +1.694666426432092 +1000.000000000000000 +0.795820269245387 +0.000000034167107 +2.503619439773268 -0.000006266663679 +0.795820226758101 +0.000000000000000 +2.503627232459184 +0.000000000000000 +2.503627232459184 +0.000000000000000 +0.795820226758101 +0.000000000000000
 18   0 +0.670000000000000 +0.100000000000000 +0.060000000000000 +1.542424796731726 +1000.000000000000000 +0.817913872891715 +0.000000025266825 +2.485172305090908 -0.000006452899071 +0.817913842979534 +0.000000000000000 +2.485179944368389 +0.000000000000000 +2.485179944368389 +0.000000000000000 +0.817913842979534 +0.000000000000000
 18   1 +0.670000000000000 +0.115000000000000 +0.060000000000000 +1.573274911879059 +1000.000000000000000 +0.817913872995772 +0.000000025143121 +2.485172278515944 -0.000006421306187 +0.817913842979534 +0.000000000000000 +2.485179944368389 +0.000000000000000 +2.485179944368389 +0.000000000000000 +0.817913842979534 +0.000000000000000
 18   2 +0.670000000000000 +0.130000000000000 +0.060000000000000 +1.589832649330707 +1000.000000000000000 +0.817913873099109 +0.000000025019237 +2.485172252124527 -0.000006389667535 +0.817913842979534 +0.000000000000000 +2.485179944368389 +0.000000000000000 +2.485179944368389 +0.000000000000000 +0.817913842979534 +0.000000000000000
 18   3 +0.670000000000000 +0.145000000000000 +0.060000000000000 +1.605614327932484 +1000.000000000000000 +0.817913873201716 +0.000000024895195 +2.485172225919779 -0.000006357988512 +0.817913842979534 +0.000000000000000 +2.485179944368389 +0.000000000000000 +2.485179944368389 +0.000000000000000 +0.817913842979534 +0.000000000000000
 18   4 +0.670000000000000 +0.160000000000000 +0.060000000000000 +1.620389831462340 +1000.000000000000000 +0.817913873303580 +0.000000024771017 +2.485172199904714 -0.000006326274515 +0.817913842979534 +0.000000000000000 +2.485179944368389 +0.000000000000000 +2.485179944368389 +0.000000000000000 +0.817913842979534 +0.000000000000000
 18   5 +0.670000000000000 +0.175000000000000 +0.060000000000000 +1.633981254333922 +1000.000000000000000 +0.817913873404690 +0.000000024646722 +2.485172174082224 -0.000006294530941 +0.817913842979534 +0.000000000000000 +2.485179944368389 +0.000000000000000 +2.485179944368389 +0.000000000000000 +0.817913842979534 +0.000000000000000
 18   6 +0.670000000000000 +0.190000000000000 +0.060000000000000 +1.646449140787551 +1000.000000000000000 +0.817913873505035 +0.000000024522333 +2.485172148455082 -0.000006262763174 +0.817913842979534 +0.000000000000000 +2.485179944368389 +0.000000000000000 +2.485179944368389 +0.000000000000000 +0.817913842979534 +0.000000000000000
 18   7 +0.670000000000000 +0.205000000000000 +0.060000000000000 +1.657786317187233 +1000.000000000000000 +0.817913873604605 +0.000000024397870 +2.485172123025944 -0.000006230976586 +0.817913842979534 +0.000000000000000 +2.485179944368389 +0.000000000000000 +2.485179944368389 +0.000000000000000 +0.817913842979534 +0.000000000000000
 18   8 +0.670000000000000 +0.220000000000000 +0.060000000000000 +1.666321815122610 +1000.000000000000000 +0.817913873703389 +0.000000024273355 +2.485172097797342 -0.000006199176531 +0.817913842979534 +0.000000000000000 +2.485179944368389 +0.000000000000000 +2.485179944368389 +0.000000000000000 +0.817913842979534 +0.000000000000000
 18   9 +0.670000000000000 +0.235000000000000 +0.060000000000000 +1.669787376678704 +1000.000000000000000 +0.817913873801379 +0.000000024148807 +2.485172072771687 -0.000006167368338 +0.817913842979534 +0.000000000000000 +2.485179944368389 +0.000000000000000 +2.485179944368389 +0.000000000000000 +0.817913842979534 +0.000000000000000
 18  10 +0.670000000000000 +0.250000000000000 +0.060000000000000 +1.673307131325394 +1000.000000000000000 +0.817913873898566 +0.000000024024249 +2.485172047951267 -0.000006135557309 +0.817913842979534 +0.000000000000000 +2.485179944368389 +0.000000000000000 +2.485179944368389 +0.000000000000000 +0.817913842979534 +0.000000000000000
 18  11 +0.670000000000000 +0.265000000000000 +0.060000000000000 +1.676852455915567 +1000.000000000000000 +0.817913873994940 +0.000000023899700 +2.485172023338248 -0.000006103748714 +0.817913842979534 +0.000000000000000 +2.485179944368389 +0.000000000000000 +2.485179944368389 +0.000000000000000 +0.817913842979534 +0.000000000000000
 18  12 +0.670000000000000 +0.280000000000000 +0.060000000000000 +1.680403892965102 +1000.000000000000000 +0.817913874090494 +0.000000023775181 +2.485171998934671 -0.000006071947783 +0.817913842979534 +0.000000000000000 +2.485179944368389 +0.000000000000000 +2.485179944368389 +0.000000000000000 +0.817913842979534 +0.000000000000000
 18  13 +0.670000000000000 +0.295000000000000 +0.060000000000000 +1.683905147073687 +1000.000000000000000 +0.817913874185220 +0.000000023650712 +2.485171974742454 -0.000006040159708 +0.817913842979534 +0.000000000000000 +2.485179944368389 +0.000000000000000 +2.485179944368389 +0.000000000000000 +0.817913842979534 +0.000000000000000
 18  14 +0.670000000000000 +0.310000000000000 +0.060000000000000 +1.687347271701054 +1000.000000000000000 +0.817913874279112 +0.000000023526314 +2.485171950763390 -0.000006008389632 +0.817913842979534 +0.000000000000000 +2.485179944368389 +0.000000000000000 +2.485179944368389 +0.000000000000000 +0.817913842979534 +0.000000000000000
 18  15 +0.670000000000000 +0.325000000000000 +0.060000000000000 +1.690722422569146 +1000.000000000000000 +0.817913874372163 +0.000000023402006 +2.485171926999152 -0.000005976642651 +0.817913842979534 +0.000000000000000 +2.485179944368389 +0.000000000000000 +2.485179944368389 +0.000000000000000 +0.817913842979534 +0.000000000000000
 18  16 +0.670000000000000 +0.340000000000000 +0.060000000000000 +1.694014764819625 +1000.000000000000000 +0.817913874464366 +0.000000023277809 +2.485171903451288 -0.000005944923803 +0.817913842979534 +0.000000000000000 +2.485179944368389 +0.000000000000000 +2.485179944368389 +0.000000000000000 +0.817913842979534 +0.000000000000000
 18  17 +0.670000000000000 +0.355000000000000 +0.060000000000000 +1.697199622832132 +1000.000000000000000 +0.817913874555717 +0.000000023153741 +2.485171880121223 -0.000005913238072 +0.817913842979534 +0.000000000000000 +2.485179944368389 +0.000000000000000 +2.485179944368389 +0.000000000000000 +0.817913842979534 +0.000000000000000
 19   0 +0.685000000000000 +0.100000000000000 +0.060000000000000 +1.505820600917939 +1000.000000000000000 +0.840397589507958 +0.000000014660583 +2.466336620420012 -0.000006417383073 +0.840397571987579 +0.000000000000000 +2.466344289622878 +0.000000000000000 +2.466344289622878 +0.000000000000000 +0.840397571987579 +0.000000000000000
 19   1 +0.685000000000000 +0.115000000000000 +0.060000000000000 +1.534661761152414 +1000.000000000000000 +0.840397589568771 +0.000000014587601 +2.466336593800628 -0.000006385436398 +0.840397571987579 +0.000000000000000 +2.466344289622878 +0.000000000000000 +2.466344289622878 +0.000000000000000 +0.840397571987579 +0.000000000000000
 19   2 +0.685000000000000 +0.130000000000000 +0.060000000000000 +1.551648594533743 +1000.000000000000000 +0.840397589629152 +0.000000014514521 +2.466336567369942 -0.000006353446914 +0.840397571987579 +0.000000000000000 +2.466344289622878 +0.000000000000000 +2.466344289622878 +0.000000000000000 +0.840397571987579 +0.000000000000000
 19   3 +0.685000000000000 +0.145000000000000 +0.060000000000000 +1.567698723076497 +1000.000000000000000 +0.840397589689095 +0.000000014441355 +2.466336541131083 -0.000006321420172 +0.840397571987579 +0.000000000000000 +2.466344289622878 +0.000000000000000 +2.466344289622878 +0.000000000000000 +0.840397571987579 +0.000000000000000
 19   4 +0.685000000000000 +0.160000000000000 +0.060000000000000 +1.582630178715743 +1000.000000000000000 +0.840397589748593 +0.000000014368117 +2.466336515087058 -0.000006289361722 +0.840397571987579 +0.000000000000000 +2.466344289622878 +0.000000000000000 +2.466344289622878 +0.000000000000000 +0.840397571987579 +0.000000000000000
 19   5 +0.685000000000000 +0.175000000000000 +0.060000000000000 +1.596371191157851 +1000.000000000000000 +0.840397589807639 +0.000000014294820 +2.466336489240752 -0.000006257277106 +0.840397571987579 +0.000000000000000 +2.466344289622878 +0.000000000000000 +2.466344289622878 +0.000000000000000 +0.840397571987579 +0.000000000000000
 19   6 +0.685000000000000 +0.190000000000000 +0.060000000000000 +1.608875328325506 +1000.000000000000000 +0.840397589866227 +0.000000014221475 +2.466336463594928 -0.000006225171855 +0.840397571987579 +0.000000000000000 +2.466344289622878 +0.000000000000000 +2.466344289622878 +0.000000000000000 +0.840397571987579 +0.000000000000000
 19   7 +0.685000000000000 +0.205000000000000 +0.060000000000000 +1.620224879319326 +1000.000000000000000 +0.840397589924351 +0.000000014148095 +2.466336438152223 -0.000006193051481 +0.840397571987579 +0.000000000000000 +2.466344289622878 +0.000000000000000 +2.466344289622878 +0.000000000000000 +0.840397571987579 +0.000000000000000
 19   8 +0.685000000000000 +0.220000000000000 +0.060000000000000 +1.626636928340788 +1000.000000000000000 +0.840397589982006 +0.000000014074694 +2.466336412915148 -0.000006160921476 +0.840397571987579 +0.000000000000000 +2.466344289622878 +0.000000000000000 +2.466344289622878 +0.000000000000000 +0.840397571987579 +0.000000000000000
 19   9 +0.685000000000000 +0.235000000000000 +0.060000000000000 +1.630288067175026 +1000.000000000000000 +0.840397590039185 +0.000000014001283 +2.466336387886088 -0.000006128787303 +0.840397571987579 +0.000000000000000 +2.466344289622878 +0.000000000000000 +2.466344289622878 +0.000000000000000 +0.840397571987579 +0.000000000000000
 19  10 +0.685000000000000 +0.250000000000000 +0.060000000000000 +1.634000343477628 +1000.000000000000000 +0.840397590095884 +0.000000013927875 +2.466336363067301 -0.000006096654393 +0.840397571987579 +0.000000000000000 +2.466344289622878 +0.000000000000000 +2.466344289622878 +0.000000000000000 +0.840397571987579 +0.000000000000000
 19  11 +0.685000000000000 +0.265000000000000 +0.060000000000000 +1.637711338522925 +1000.000000000000000 +0.840397590152097 +0.000000013854482 +2.466336338460918 -0.000006064528141 +0.840397571987579 +0.000000000000000 +2.466344289622878 +0.000000000000000 +2.466344289622878 +0.000000000000000 +0.840397571987579 +0.000000000000000
 19  12 +0.685000000000000 +0.280000000000000 +0.060000000000000 +1.641375979417847 +1000.000000000000000 +0.840397590207821 +0.000000013781117 +2.466336314068939 -0.000006032413901 +0.840397571987579 +0.000000000000000 +2.466344289622878 +0.000000000000000 +2.466344289622878 +0.000000000000000 +0.840397571987579 +0.000000000000000
 19  13 +0.685000000000000 +0.295000000000000 +0.060000000000000 +1.644995911051379 +1000.000000000000000 +0.840397590263050 +0.000000013707791 +2.466336289893241 -0.000006000316978 +0.840397571987579 +0.000000000000000 +2.466344289622878 +0.000000000000000 +2.466344289622878 +0.000000000000000 +0.840397571987579 +0.000000000000000
 19  14 +0.685000000000000 +0.310000000000000 +0.060000000000000 +1.648547714890453 +1000.000000000000000 +0.840397590317782 +0.000000013634517 +2.466336265935570 -0.000005968242629 +0.840397571987579 +0.000000000000000 +2.466344289622878 +0.000000000000000 +2.466344289622878 +0.000000000000000 +0.840397571987579 +0.000000000000000
 19  15 +0.685000000000000 +0.325000000000000 +0.060000000000000 +1.651995900854301 +1000.000000000000000 +0.840397590372012 +0.000000013561306 +2.466336242197546 -0.000005936196056 +0.840397571987579 +0.000000000000000 +2.466344289622878 +0.000000000000000 +2.466344289622878 +0.000000000000000 +0.840397571987579 +0.000000000000000
 19  16 +0.685000000000000 +0.340000000000000 +0.060000000000000 +1.655341544928277 +1000.000000000000000 +0.840397590425736 +0.000000013488171 +2.466336218680662 -0.000005904182403 +0.840397571987579 +0.000000000000000 +2.466344289622878 +0.000000000000000 +2.466344289622878 +0.000000000000000 +0.840397571987579 +0.000000000000000
 19  17 +0.685000000000000 +0.355000000000000 +0.060000000000000 +1.658582302048724 +1000.000000000000000 +0.840397590478953 +0.000000013415122 +2.466336195386286 -0.000005872206748 +0.840397571987579 +0.000000000000000 +2.466344289622878 +0.000000000000000 +2.466344289622878 +0.000000000000000 +0.840397571987579 +0.000000000000000
 19  18 +0.685000000000000 +0.370000000000000 +0.060000000000000 +1.661710990553815 +1000.000000000000000 +0.840397590531658 +0.000000013342172 +2.466336172315660 -0.000005840274106 +0.840397571987579 +0.000000000000000 +2.466344289622878 +0.000000000000000 +2.466344289622878 +0.000000000000000 +0.840397571987579 +0.000000000000000
 19  19 +0.685000000000000 +0.385000000000000 +0.060000000000000 +1.664722920667600 +1000.000000000000000 +0.840397590583849 +0.000000013269331 +2.466336149469904 -0.000005808389420 +0.840397571987579 +0.000000000000000 +2.466344289622878 +0.000000000000000 +2.466344289622878 +0.000000000000000 +0.840397571987579 +0.000000000000000
 19  20 +0.685000000000000 +0.400000000000000 +0.060000000000000 +1.667600433057539 +1000.000000000000000 +0.840397590635525 +0.000000013196610 +2.466336126850012 -0.000005776557560 +0.840397571987579 +0.000000000000000 +2.466344289622878 +0.000000000000000 +2.466344289622878 +0.000000000000000 +0.840397571987579 +0.000000000000000
 20   0 +0.700000000000000 +0.100000000000000 +0.060000000000000 +1.468666756809505 +1000.000000000000000 +0.863305321889962 +0.000000003504630 +2.447080097456174 -0.000006379560491 +0.863305317659546 +0.000000000000000 +2.447087798181968 +0.000000000000000 +2.447087798181968 +0.000000000000000 +0.863305317659546 +0.000000000000000
 20   1 +0.700000000000000 +0.115000000000000 +0.060000000000000 +1.495306984712113 +1000.000000000000000 +0.863305321904609 +0.000000003486874 +2.447080070793556 -0.000006347238624 +0.863305317659546 +0.000000000000000 +2.447087798181968 +0.000000000000000 +2.447087798181968 +0.000000000000000 +0.863305317659546 +0.000000000000000
 20   2 +0.700000000000000 +0.130000000000000 +0.060000000000000 +1.512717698018166 +1000.000000000000000 +0.863305321919150 +0.000000003469096 +2.447080044325164 -0.000006314877234 +0.863305317659546 +0.000000000000000 +2.447087798181968 +0.000000000000000 +2.447087798181968 +0.000000000000000 +0.863305317659546 +0.000000000000000
 20   3 +0.700000000000000 +0.145000000000000 +0.060000000000000 +1.529081109662997 +1000.000000000000000 +0.863305321933582 +0.000000003451300 +2.447080018054125 -0.000006282482039 +0.863305317659546 +0.000000000000000 +2.447087798181968 +0.000000000000000 +2.447087798181968 +0.000000000000000 +0.863305317659546 +0.000000000000000
 20   4 +0.700000000000000 +0.160000000000000 +0.060000000000000 +1.544219612045023 +1000.000000000000000 +0.863305321947904 +0.000000003433488 +2.447079991983442 -0.000006250058751 +0.863305317659546 +0.000000000000000 +2.447087798181968 +0.000000000000000 +2.447087798181968 +0.000000000000000 +0.863305317659546 +0.000000000000000
 20   5 +0.700000000000000 +0.175000000000000 +0.060000000000000 +1.558026368090030 +1000.000000000000000 +0.863305321962114 +0.000000003415664 +2.447079966115988 -0.000006217613071 +0.863305317659546 +0.000000000000000 +2.447087798181968 +0.000000000000000 +2.447087798181968 +0.000000000000000 +0.863305317659546 +0.000000000000000
 20   6 +0.700000000000000 +0.190000000000000 +0.060000000000000 +1.570610885019324 +1000.000000000000000 +0.863305321976211 +0.000000003397831 +2.447079940454509 -0.000006185150685 +0.863305317659546 +0.000000000000000 +2.447087798181968 +0.000000000000000 +2.447087798181968 +0.000000000000000 +0.863305317659546 +0.000000000000000
 20   7 +0.700000000000000 +0.205000000000000 +0.060000000000000 +1.581943636198645 +1000.000000000000000 +0.863305321990194 +0.000000003379991 +2.447079915001621 -0.000006152677257 +0.863305317659546 +0.000000000000000 +2.447087798181968 +0.000000000000000 +2.447087798181968 +0.000000000000000 +0.863305317659546 +0.000000000000000
 20   8 +0.700000000000000 +0.220000000000000 +0.060000000000000 +1.586166319629833 +1000.000000000000000 +0.863305322004060 +0.000000003362149 +2.447079889759809 -0.000006120198426 +0.863305317659546 +0.000000000000000 +2.447087798181968 +0.000000000000000 +2.447087798181968 +0.000000000000000 +0.863305317659546 +0.000000000000000
 20   9 +0.700000000000000 +0.235000000000000 +0.060000000000000 +1.590059451763150 +1000.000000000000000 +0.863305322017810 +0.000000003344307 +2.447079864731426 -0.000006087719797 +0.863305317659546 +0.000000000000000 +2.447087798181968 +0.000000000000000 +2.447087798181968 +0.000000000000000 +0.863305317659546 +0.000000000000000
 20  10 +0.700000000000000 +0.250000000000000 +0.060000000000000 +1.593940600245370 +1000.000000000000000 +0.863305322031441 +0.000000003326468 +2.447079839918695 -0.000006055246940 +0.863305317659546 +0.000000000000000 +2.447087798181968 +0.000000000000000 +2.447087798181968 +0.000000000000000 +0.863305317659546 +0.000000000000000
 20  11 +0.700000000000000 +0.265000000000000 +0.060000000000000 +1.597797345678411 +1000.000000000000000 +0.863305322044952 +0.000000003308635 +2.447079815323705 -0.000006022785383 +0.863305317659546 +0.000000000000000 +2.447087798181968 +0.000000000000000 +2.447087798181968 +0.000000000000000 +0.863305317659546 +0.000000000000000
 20  12 +0.700000000000000 +0.280000000000000 +0.060000000000000 +1.601610913833831 +1000.000000000000000 +0.863305322058343 +0.000000003290811 +2.447079790948412 -0.000005990340607 +0.863305317659546 +0.000000000000000 +2.447087798181968 +0.000000000000000 +2.447087798181968 +0.000000000000000 +0.863305317659546 +0.000000000000000
 20  13 +0.700000000000000 +0.295000000000000 +0.060000000000000 +1.605345141194554 +1000.000000000000000 +0.863305322071612 +0.000000003273000 +2.447079766794641 -0.000005957918044 +0.863305317659546 +0.000000000000000 +2.447087798181968 +0.000000000000000 +2.447087798181968 +0.000000000000000 +0.863305317659546 +0.000000000000000
 20  14 +0.700000000000000 +0.310000000000000 +0.060000000000000 +1.608973064249306 +1000.000000000000000 +0.863305322084758 +0.000000003255203 +2.447079742864085 -0.000005925523068 +0.863305317659546 +0.000000000000000 +2.447087798181968 +0.000000000000000 +2.447087798181968 +0.000000000000000 +0.863305317659546 +0.000000000000000
 20  15 +0.700000000000000 +0.325000000000000 +0.060000000000000 +1.612502001878311 +1000.000000000000000 +0.863305322097781 +0.000000003237425 +2.447079719158307 -0.000005893160994 +0.863305317659546 +0.000000000000000 +2.447087798181968 +0.000000000000000 +2.447087798181968 +0.000000000000000 +0.863305317659546 +0.000000000000000
 20  16 +0.700000000000000 +0.340000000000000 +0.060000000000000 +1.615920483811912 +1000.000000000000000 +0.863305322110679 +0.000000003219668 +2.447079695678736 -0.000005860837073 +0.863305317659546 +0.000000000000000 +2.447087798181968 +0.000000000000000 +2.447087798181968 +0.000000000000000 +0.863305317659546 +0.000000000000000
 20  17 +0.700000000000000 +0.355000000000000 +0.060000000000000 +1.619220520718864 +1000.000000000000000 +0.863305322123453 +0.000000003201935 +2.447079672426675 -0.000005828556488 +0.863305317659546 +0.000000000000000 +2.447087798181968 +0.000000000000000 +2.447087798181968 +0.000000000000000 +0.863305317659546 +0.000000000000000
 20  18 +0.700000000000000 +0.370000000000000 +0.060000000000000 +1.622383671701505 +1000.000000000000000 +0.863305322136101 +0.000000003184228 +2.447079649403296 -0.000005796324350 +0.863305317659546 +0.000000000000000 +2.447087798181968 +0.000000000000000 +2.447087798181968 +0.000000000000000 +0.863305317659546 +0.000000000000000
 20  19 +0.700000000000000 +0.385000000000000 +0.060000000000000 +1.625417110450818 +1000.000000000000000 +0.863305322148623 +0.000000003166550 +2.447079626609645 -0.000005764145694 +0.863305317659546 +0.000000000000000 +2.447087798181968 +0.000000000000000 +2.447087798181968 +0.000000000000000 +0.863305317659546 +0.000000000000000
 20  20 +0.700000000000000 +0.400000000000000 +0.060000000000000 +1.628324168407185 +1000.000000000000000 +0.863305322161018 +0.000000003148905 +2.447079604046640 -0.000005732025475 +0.863305317659546 +0.000000000000000 +2.447087798181968 +0.000000000000000 +2.447087798181968 +0.000000000000000 +0.863305317659546 +0.000000000000000
