# i   j  Gamma              Lambda             paramK             distTrajToEq       integrationTime      startPtfi1         startPtV1          startPtfi2         startPtV2          sadfocPtfi1        sadfocPtV1         sadfocPtfi2        sadfocPtV2         saddlePtfi1        saddlePtV1         saddlePtfi2        saddlePtV2
# 0   1  2                  3                  4                  5                  6                    7                  8                  9                  10                 11                 12                 13                 14                 15                 16                 17                 18
  5   0 +0.899950000000000 +0.837500000000000 +0.060000000000000 +0.001652996010452 +1000.000000000000000 +1.240956866750963 +0.000000165680752 +2.118349347247067 +0.000003655875041 +1.240956445431028 +0.000000000000000 +2.118340050494027 +0.000000000000000 +1.240956445431028 +0.000000000000000 +2.118340050494027 +0.000000000000000
  5   1 +0.899950000000000 +0.837510000000000 +0.060000000000000 +0.001312348702497 +1000.000000000000000 +1.240956866751311 +0.000000165679869 +2.118349347254734 +0.000003655855544 +1.240956445431028 +0.000000000000000 +2.118340050494027 +0.000000000000000 +1.240956445431028 +0.000000000000000 +2.118340050494027 +0.000000000000000
  6   2 +0.899960000000000 +0.837520000000000 +0.060000000000000 +0.000965882702371 +1000.000000000000000 +1.240982066157539 +0.000000165692123 +2.118326606503060 +0.000003655729432 +1.240981644789418 +0.000000000000000 +2.118317309695148 +0.000000000000000 +1.240981644789418 +0.000000000000000 +2.118317309695148 +0.000000000000000
  6   3 +0.899960000000000 +0.837530000000000 +0.060000000000000 +0.001933937432362 +1000.000000000000000 +1.240982066157887 +0.000000165691239 +2.118326606510727 +0.000003655709936 +1.240981644789418 +0.000000000000000 +2.118317309695148 +0.000000000000000 +1.240981644789418 +0.000000000000000 +2.118317309695148 +0.000000000000000
  7   3 +0.899970000000000 +0.837530000000000 +0.060000000000000 +0.002329360088074 +1000.000000000000000 +1.241007266800301 +0.000000165704378 +2.118303864517921 +0.000003655603310 +1.241006845384335 +0.000000000000000 +2.118294567662804 +0.000000000000000 +1.241006845384335 +0.000000000000000 +2.118294567662804 +0.000000000000000
  7   4 +0.899970000000000 +0.837540000000000 +0.060000000000000 +0.000367374751055 +1000.000000000000000 +1.241007266800649 +0.000000165703495 +2.118303864525587 +0.000003655583814 +1.241006845384335 +0.000000000000000 +2.118294567662804 +0.000000000000000 +1.241006845384335 +0.000000000000000 +2.118294567662804 +0.000000000000000
  8   5 +0.899980000000000 +0.837550000000000 +0.060000000000000 +0.001783912907997 +1000.000000000000000 +1.241032468680359 +0.000000165715751 +2.118281121306782 +0.000003655457683 +1.241032047216194 +0.000000000000000 +2.118271824396792 +0.000000000000000 +1.241032047216194 +0.000000000000000 +2.118271824396792 +0.000000000000000
  8   6 +0.899980000000000 +0.837560000000000 +0.060000000000000 +0.001160320751810 +1000.000000000000000 +1.241032468680706 +0.000000165714867 +2.118281121314448 +0.000003655438188 +1.241032047216194 +0.000000000000000 +2.118271824396792 +0.000000000000000 +1.241032047216194 +0.000000000000000 +2.118271824396792 +0.000000000000000
  9   7 +0.899990000000000 +0.837570000000000 +0.060000000000000 +0.001130037839350 +1000.000000000000000 +1.241057671797475 +0.000000165727124 +2.118258376861745 +0.000003655312048 +1.241057250285104 +0.000000000000000 +2.118249079896881 +0.000000000000000 +1.241057250285104 +0.000000000000000 +2.118249079896881 +0.000000000000000
  9   8 +0.899990000000000 +0.837580000000000 +0.060000000000000 +0.001807619205670 +1000.000000000000000 +1.241057671797823 +0.000000165726240 +2.118258376869410 +0.000003655292552 +1.241057250285104 +0.000000000000000 +2.118249079896881 +0.000000000000000 +1.241057250285104 +0.000000000000000 +2.118249079896881 +0.000000000000000
 10   9 +0.900000000000000 +0.837590000000000 +0.060000000000000 +0.000346503652866 +1000.000000000000000 +1.241082876151731 +0.000000165738497 +2.118235631182617 +0.000003655166403 +1.241082454591147 +0.000000000000000 +2.118226334162880 +0.000000000000000 +1.241082454591147 +0.000000000000000 +2.118226334162880 +0.000000000000000
 10  10 +0.900000000000000 +0.837600000000000 +0.060000000000000 +0.002348510370546 +1000.000000000000000 +1.241082876152078 +0.000000165737613 +2.118235631190281 +0.000003655146908 +1.241082454591147 +0.000000000000000 +2.118226334162880 +0.000000000000000 +1.241082454591147 +0.000000000000000 +2.118226334162880 +0.000000000000000
 11  10 +0.900010000000000 +0.837600000000000 +0.060000000000000 +0.001911187003576 +1000.000000000000000 +1.241108081743004 +0.000000165750756 +2.118212884261499 +0.000003655040244 +1.241107660134549 +0.000000000000000 +2.118203587194552 +0.000000000000000 +1.241107660134549 +0.000000000000000 +2.118203587194552 +0.000000000000000
 11  11 +0.900010000000000 +0.837610000000000 +0.060000000000000 +0.000997518039669 +1000.000000000000000 +1.241108081743352 +0.000000165749871 +2.118212884269163 +0.000003655020749 +1.241107660134549 +0.000000000000000 +2.118203587194552 +0.000000000000000 +1.241107660134549 +0.000000000000000 +2.118203587194552 +0.000000000000000
 12  12 +0.900020000000000 +0.837620000000000 +0.060000000000000 +0.001287004438972 +1000.000000000000000 +1.241133288572520 +0.000000165762130 +2.118190136113625 +0.000003654894581 +1.241132866915839 +0.000000000000000 +2.118180838991804 +0.000000000000000 +1.241132866915839 +0.000000000000000 +2.118180838991804 +0.000000000000000
 12  13 +0.900020000000000 +0.837630000000000 +0.060000000000000 +0.001676522821080 +1000.000000000000000 +1.241133288572868 +0.000000165761246 +2.118190136121289 +0.000003654875087 +1.241132866915839 +0.000000000000000 +2.118180838991804 +0.000000000000000 +1.241132866915839 +0.000000000000000 +2.118180838991804 +0.000000000000000
 13  14 +0.900030000000000 +0.837640000000000 +0.060000000000000 +0.000504144238192 +1000.000000000000000 +1.241158496639858 +0.000000165773506 +2.118167386730920 +0.000003654748909 +1.241158074934944 +0.000000000000000 +2.118158089554224 +0.000000000000000 +1.241158074934944 +0.000000000000000 +2.118158089554224 +0.000000000000000
 13  15 +0.900030000000000 +0.837650000000000 +0.060000000000000 +0.002234687446349 +1000.000000000000000 +1.241158496640206 +0.000000165772622 +2.118167386738583 +0.000003654729415 +1.241158074934944 +0.000000000000000 +2.118158089554224 +0.000000000000000 +1.241158074934944 +0.000000000000000 +2.118158089554224 +0.000000000000000
 14  15 +0.900040000000000 +0.837650000000000 +0.060000000000000 +0.002035191227983 +1000.000000000000000 +1.241183705944849 +0.000000165785766 +2.118144636105781 +0.000003654622723 +1.241183284192042 +0.000000000000000 +2.118135338881873 +0.000000000000000 +1.241183284192042 +0.000000000000000 +2.118135338881873 +0.000000000000000
 14  16 +0.900040000000000 +0.837660000000000 +0.060000000000000 +0.000820984536990 +1000.000000000000000 +1.241183705945197 +0.000000165784882 +2.118144636113444 +0.000003654603229 +1.241183284192042 +0.000000000000000 +2.118135338881873 +0.000000000000000 +1.241183284192042 +0.000000000000000 +2.118135338881873 +0.000000000000000
 15  17 +0.900050000000000 +0.837670000000000 +0.060000000000000 +0.001437597646923 +1000.000000000000000 +1.241208916488353 +0.000000165797143 +2.118121884253187 +0.000003654477033 +1.241208494687300 +0.000000000000000 +2.118112586974402 +0.000000000000000 +1.241208494687300 +0.000000000000000 +2.118112586974402 +0.000000000000000
 15  18 +0.900050000000000 +0.837680000000000 +0.060000000000000 +0.001535344456123 +1000.000000000000000 +1.241208916488701 +0.000000165796259 +2.118121884260849 +0.000003654457539 +1.241208494687300 +0.000000000000000 +2.118112586974402 +0.000000000000000 +1.241208494687300 +0.000000000000000 +2.118112586974402 +0.000000000000000
 16  19 +0.900060000000000 +0.837690000000000 +0.060000000000000 +0.000694103334476 +1000.000000000000000 +1.241234128270522 +0.000000165808521 +2.118099131165240 +0.000003654331334 +1.241233706421216 +0.000000000000000 +2.118089833831579 +0.000000000000000 +1.241233706421216 +0.000000000000000 +2.118089833831579 +0.000000000000000
 16  20 +0.900060000000000 +0.837700000000000 +0.060000000000000 +0.002118529130754 +1000.000000000000000 +1.241234128270870 +0.000000165807636 +2.118099131172902 +0.000003654311841 +1.241233706421216 +0.000000000000000 +2.118089833831579 +0.000000000000000 +1.241233706421216 +0.000000000000000 +2.118089833831579 +0.000000000000000
 17  20 +0.900070000000000 +0.837700000000000 +0.060000000000000 +0.002156215457315 +1000.000000000000000 +1.241259341290746 +0.000000165820783 +2.118076376834123 +0.000003654205119 +1.241258919393526 +0.000000000000000 +2.118067079453247 +0.000000000000000 +1.241258919393526 +0.000000000000000 +2.118067079453247 +0.000000000000000
