# gamma = 1.0
# lambda = 0.9366666666666668
# fi1              V1                 fi2                V2                  nS nC nU isSComplex  isUComplex   Re(eigval1)        Im(eigval1)        Re(eigval2)        Im(eigval2)        Re(eigval3)        Im(eigval3)        Re(eigval4)        Im(eigval4)
# 0                1                  2                  3                   4  5  6  7           8            9                  10                 11                 12                 13                 14                 15                 16
+1.569383881166247 +0.000000000000000 +1.569383881166247 +0.000000000000000  4  0  0  0           0            -0.935156282589365 +0.000000000000000 -0.865729440450779 +0.000000000000000 -0.070937226215888 +0.000000000000000 -0.001510384077301 +0.000000000000000
+1.569532219404336 +0.000000000000000 +1.569532219404336 +0.000000000000000  4  0  0  0           0            -0.935315136037912 +0.000000000000000 -0.865916034236200 +0.000000000000000 -0.070750632430467 +0.000000000000000 -0.001351530628755 +0.000000000000000
+1.571446212007237 +0.000000000000000 +1.571446212007237 +0.000000000000000  3  0  1  0           0            -0.937359981059990 +0.000000000000000 -0.868315828297432 +0.000000000000000 -0.068350838369235 +0.000000000000000 +0.000693314393323 +0.000000000000000
+1.571956177937550 +0.000000000000000 +1.571956177937550 +0.000000000000000  3  0  1  0           0            -0.937903308942630 +0.000000000000000 -0.868952806142277 +0.000000000000000 -0.067713860524391 +0.000000000000000 +0.001236642275963 +0.000000000000000
+1.572117201335832 +0.000000000000000 +1.572117201335832 +0.000000000000000  3  0  1  0           0            -0.938074735881540 +0.000000000000000 -0.869153723618005 +0.000000000000000 -0.067512943048662 +0.000000000000000 +0.001408069214874 +0.000000000000000
+1.572146575126504 +0.000000000000000 +1.572146575126504 +0.000000000000000  3  0  1  0           0            -0.938106000729415 +0.000000000000000 -0.869190363996922 +0.000000000000000 -0.067476302669744 +0.000000000000000 +0.001439334062748 +0.000000000000000
