# gamma = 1.0
# lambda = 0.9700000000000001
# fi1              V1                 fi2                V2                  nS nC nU isSComplex  isUComplex   Re(eigval1)        Im(eigval1)        Re(eigval2)        Im(eigval2)        Re(eigval3)        Im(eigval3)        Re(eigval4)        Im(eigval4)
# 0                1                  2                  3                   4  5  6  7           8            9                  10                 11                 12                 13                 14                 15                 16
+1.569383881166247 +0.000000000000000 +1.569383881166247 +0.000000000000000  4  0  0  0           0            -0.968541678494201 +0.000000000000000 -0.901908329061664 +0.000000000000000 -0.068091670938336 +0.000000000000000 -0.001458321505799 +0.000000000000000
+1.569532219404336 +0.000000000000000 +1.569532219404336 +0.000000000000000  4  0  0  0           0            -0.968695041266816 +0.000000000000000 -0.902086193665179 +0.000000000000000 -0.067913806334822 +0.000000000000000 -0.001304958733184 +0.000000000000000
+1.571446212007237 +0.000000000000000 +1.571446212007237 +0.000000000000000  3  0  1  0           0            -0.970669522583612 +0.000000000000000 -0.904374397366595 +0.000000000000000 -0.065625602633406 +0.000000000000000 +0.000669522583612 +0.000000000000000
+1.571956177937550 +0.000000000000000 +1.571956177937550 +0.000000000000000  3  0  1  0           0            -0.971194252210579 +0.000000000000000 -0.904981964949216 +0.000000000000000 -0.065018035050785 +0.000000000000000 +0.001194252210579 +0.000000000000000
+1.572117201335832 +0.000000000000000 +1.572117201335832 +0.000000000000000  3  0  1  0           0            -0.971359819636497 +0.000000000000000 -0.905173623823350 +0.000000000000000 -0.064826376176651 +0.000000000000000 +0.001359819636497 +0.000000000000000
+1.572146575126504 +0.000000000000000 +1.572146575126504 +0.000000000000000  3  0  1  0           0            -0.971390016264025 +0.000000000000000 -0.905208576687006 +0.000000000000000 -0.064791423312995 +0.000000000000000 +0.001390016264025 +0.000000000000000
