# gamma = 1.0
# lambda = 0.9866666666666667
# fi1              V1                 fi2                V2                  nS nC nU isSComplex  isUComplex   Re(eigval1)        Im(eigval1)        Re(eigval2)        Im(eigval2)        Re(eigval3)        Im(eigval3)        Re(eigval4)        Im(eigval4)
# 0                1                  2                  3                   4  5  6  7           8            9                  10                 11                 12                 13                 14                 15                 16
+1.569383881166247 +0.000000000000000 +1.569383881166247 +0.000000000000000  4  0  0  0           0            -0.985233051384448 +0.000000000000000 -0.919907280754840 +0.000000000000000 -0.066759385911826 +0.000000000000000 -0.001433615282218 +0.000000000000000
+1.569532219404336 +0.000000000000000 +1.569532219404336 +0.000000000000000  4  0  0  0           0            -0.985383809122032 +0.000000000000000 -0.920081116835350 +0.000000000000000 -0.066585549831316 +0.000000000000000 -0.001282857544635 +0.000000000000000
+1.571446212007237 +0.000000000000000 +1.571446212007237 +0.000000000000000  3  0  1  0           0            -0.987324894945849 +0.000000000000000 -0.922317788697829 +0.000000000000000 -0.064348877968839 +0.000000000000000 +0.000658228279182 +0.000000000000000
+1.571956177937550 +0.000000000000000 +1.571956177937550 +0.000000000000000  3  0  1  0           0            -0.987840794005447 +0.000000000000000 -0.922911764659188 +0.000000000000000 -0.063754902007479 +0.000000000000000 +0.001174127338780 +0.000000000000000
+1.572117201335832 +0.000000000000000 +1.572117201335832 +0.000000000000000  3  0  1  0           0            -0.988003578986560 +0.000000000000000 -0.923099143903024 +0.000000000000000 -0.063567522763643 +0.000000000000000 +0.001336912319893 +0.000000000000000
+1.572146575126504 +0.000000000000000 +1.572146575126504 +0.000000000000000  3  0  1  0           0            -0.988033268343533 +0.000000000000000 -0.923133316696637 +0.000000000000000 -0.063533349970029 +0.000000000000000 +0.001366601676867 +0.000000000000000
