# gamma = 1.0
# lambda = 0.9800000000000001
# fi1              V1                 fi2                V2                  nS nC nU isSComplex  isUComplex   Re(eigval1)        Im(eigval1)        Re(eigval2)        Im(eigval2)        Re(eigval3)        Im(eigval3)        Re(eigval4)        Im(eigval4)
# 0                1                  2                  3                   4  5  6  7           8            9                  10                 11                 12                 13                 14                 15                 16
+1.569383881166247 +0.000000000000000 +1.569383881166247 +0.000000000000000  4  0  0  0           0            -0.978556603517943 +0.000000000000000 -0.912714507488196 +0.000000000000000 -0.067285492511803 +0.000000000000000 -0.001443396482057 +0.000000000000000
+1.569532219404336 +0.000000000000000 +1.569532219404336 +0.000000000000000  4  0  0  0           0            -0.978708392547240 +0.000000000000000 -0.912889930059947 +0.000000000000000 -0.067110069940053 +0.000000000000000 -0.001291607452761 +0.000000000000000
+1.571446212007237 +0.000000000000000 +1.571446212007237 +0.000000000000000  3  0  1  0           0            -0.980662699995214 +0.000000000000000 -0.915146898338203 +0.000000000000000 -0.064853101661798 +0.000000000000000 +0.000662699995214 +0.000000000000000
+1.571956177937550 +0.000000000000000 +1.571956177937550 +0.000000000000000  3  0  1  0           0            -0.981182095441807 +0.000000000000000 -0.915746228265858 +0.000000000000000 -0.064253771734142 +0.000000000000000 +0.001182095441806 +0.000000000000000
+1.572117201335832 +0.000000000000000 +1.572117201335832 +0.000000000000000  3  0  1  0           0            -0.981345982131579 +0.000000000000000 -0.915935293391903 +0.000000000000000 -0.064064706608098 +0.000000000000000 +0.001345982131578 +0.000000000000000
+1.572146575126504 +0.000000000000000 +1.572146575126504 +0.000000000000000  3  0  1  0           0            -0.981375872343483 +0.000000000000000 -0.915969773483188 +0.000000000000000 -0.064030226516812 +0.000000000000000 +0.001375872343483 +0.000000000000000
