# gamma = 1.0
# lambda = 1.0766666666666667
# fi1              V1                 fi2                V2                  nS nC nU isSComplex  isUComplex   Re(eigval1)        Im(eigval1)        Re(eigval2)        Im(eigval2)        Re(eigval3)        Im(eigval3)        Re(eigval4)        Im(eigval4)
# 0                1                  2                  3                   4  5  6  7           8            9                  10                 11                 12                 13                 14                 15                 16
+1.569383881166247 +0.000000000000000 +1.569383881166247 +0.000000000000000  4  0  0  0           0            -1.075353195739526 +0.000000000000000 -1.016235344857418 +0.000000000000000 -0.060431321809248 +0.000000000000000 -0.001313470927140 +0.000000000000000
+1.569532219404336 +0.000000000000000 +1.569532219404336 +0.000000000000000  4  0  0  0           0            -1.075491290291884 +0.000000000000000 -1.016390516862547 +0.000000000000000 -0.060276149804120 +0.000000000000000 -0.001175376374782 +0.000000000000000
+1.571446212007237 +0.000000000000000 +1.571446212007237 +0.000000000000000  3  0  1  0           0            -1.077269937160139 +0.000000000000000 -1.018388187432709 +0.000000000000000 -0.058278479233959 +0.000000000000000 +0.000603270493472 +0.000000000000000
+1.571956177937550 +0.000000000000000 +1.571956177937550 +0.000000000000000  3  0  1  0           0            -1.077742851844438 +0.000000000000000 -1.018919047499268 +0.000000000000000 -0.057747619167398 +0.000000000000000 +0.001076185177771 +0.000000000000000
+1.572117201335832 +0.000000000000000 +1.572117201335832 +0.000000000000000  3  0  1  0           0            -1.077892090036089 +0.000000000000000 -1.019086546463130 +0.000000000000000 -0.057580120203537 +0.000000000000000 +0.001225423369422 +0.000000000000000
+1.572146575126504 +0.000000000000000 +1.572146575126504 +0.000000000000000  3  0  1  0           0            -1.077919309521648 +0.000000000000000 -1.019117095225410 +0.000000000000000 -0.057549571441257 +0.000000000000000 +0.001252642854981 +0.000000000000000
