# gamma = 1.0
# lambda = 1.0733333333333335
# fi1              V1                 fi2                V2                  nS nC nU isSComplex  isUComplex   Re(eigval1)        Im(eigval1)        Re(eigval2)        Im(eigval2)        Re(eigval3)        Im(eigval3)        Re(eigval4)        Im(eigval4)
# 0                1                  2                  3                   4  5  6  7           8            9                  10                 11                 12                 13                 14                 15                 16
+1.569383881166247 +0.000000000000000 +1.569383881166247 +0.000000000000000  4  0  0  0           0            -1.072015773280379 +0.000000000000000 -1.012690474844472 +0.000000000000000 -0.060642858488861 +0.000000000000000 -0.001317560052954 +0.000000000000000
+1.569532219404336 +0.000000000000000 +1.569532219404336 +0.000000000000000  4  0  0  0           0            -1.072154298696780 +0.000000000000000 -1.012846258897600 +0.000000000000000 -0.060487074435734 +0.000000000000000 -0.001179034636554 +0.000000000000000
+1.571446212007237 +0.000000000000000 +1.571446212007237 +0.000000000000000  3  0  1  0           0            -1.073938475230735 +0.000000000000000 -1.014851773375046 +0.000000000000000 -0.058481559958287 +0.000000000000000 +0.000605141897401 +0.000000000000000
+1.571956177937550 +0.000000000000000 +1.571956177937550 +0.000000000000000  3  0  1  0           0            -1.074412854002026 +0.000000000000000 -1.015384706846600 +0.000000000000000 -0.057948626486735 +0.000000000000000 +0.001079520668692 +0.000000000000000
+1.572117201335832 +0.000000000000000 +1.572117201335832 +0.000000000000000  3  0  1  0           0            -1.074562553681948 +0.000000000000000 -1.015552859063103 +0.000000000000000 -0.057780474270230 +0.000000000000000 +0.001229220348615 +0.000000000000000
+1.572146575126504 +0.000000000000000 +1.572146575126504 +0.000000000000000  3  0  1  0           0            -1.074589857310489 +0.000000000000000 -1.015583526917409 +0.000000000000000 -0.057749806415924 +0.000000000000000 +0.001256523977155 +0.000000000000000
