# gamma = 1.0
# lambda = 0.9733333333333334
# fi1              V1                 fi2                V2                  nS nC nU isSComplex  isUComplex   Re(eigval1)        Im(eigval1)        Re(eigval2)        Im(eigval2)        Re(eigval3)        Im(eigval3)        Re(eigval4)        Im(eigval4)
# 0                1                  2                  3                   4  5  6  7           8            9                  10                 11                 12                 13                 14                 15                 16
+1.569383881166247 +0.000000000000000 +1.569383881166247 +0.000000000000000  4  0  0  0           0            -0.971880021063919 +0.000000000000000 -0.905512699577847 +0.000000000000000 -0.067820633755487 +0.000000000000000 -0.001453312269415 +0.000000000000000
+1.569532219404336 +0.000000000000000 +1.569532219404336 +0.000000000000000  4  0  0  0           0            -0.972032855631814 +0.000000000000000 -0.905689741676327 +0.000000000000000 -0.067643591657007 +0.000000000000000 -0.001300477701519 +0.000000000000000
+1.571446212007237 +0.000000000000000 +1.571446212007237 +0.000000000000000  3  0  1  0           0            -0.974000566176067 +0.000000000000000 -0.907967425758124 +0.000000000000000 -0.065365907575209 +0.000000000000000 +0.000667232842733 +0.000000000000000
+1.571956177937550 +0.000000000000000 +1.571956177937550 +0.000000000000000  3  0  1  0           0            -0.974523505633846 +0.000000000000000 -0.908572219281288 +0.000000000000000 -0.064761114052046 +0.000000000000000 +0.001190172300513 +0.000000000000000
+1.572117201335832 +0.000000000000000 +1.572117201335832 +0.000000000000000  3  0  1  0           0            -0.974688509007038 +0.000000000000000 -0.908763004723858 +0.000000000000000 -0.064570328609476 +0.000000000000000 +0.001355175673704 +0.000000000000000
+1.572146575126504 +0.000000000000000 +1.572146575126504 +0.000000000000000  3  0  1  0           0            -0.974718602802323 +0.000000000000000 -0.908797798384955 +0.000000000000000 -0.064535534948378 +0.000000000000000 +0.001385269468990 +0.000000000000000
