# gamma = 1.0
# lambda = 0.9633333333333334
# fi1              V1                 fi2                V2                  nS nC nU isSComplex  isUComplex   Re(eigval1)        Im(eigval1)        Re(eigval2)        Im(eigval2)        Re(eigval3)        Im(eigval3)        Re(eigval4)        Im(eigval4)
# 0                1                  2                  3                   4  5  6  7           8            9                  10                 11                 12                 13                 14                 15                 16
+1.569383881166247 +0.000000000000000 +1.569383881166247 +0.000000000000000  4  0  0  0           0            -0.961864888882000 +0.000000000000000 -0.894692492274178 +0.000000000000000 -0.068640841059155 +0.000000000000000 -0.001468444451334 +0.000000000000000
+1.569532219404336 +0.000000000000000 +1.569532219404336 +0.000000000000000  4  0  0  0           0            -0.962019319125133 +0.000000000000000 -0.894872028108027 +0.000000000000000 -0.068461305225307 +0.000000000000000 -0.001314014208200 +0.000000000000000
+1.571446212007237 +0.000000000000000 +1.571446212007237 +0.000000000000000  3  0  1  0           0            -0.964007482837527 +0.000000000000000 -0.897181603756023 +0.000000000000000 -0.066151729577311 +0.000000000000000 +0.000674149504193 +0.000000000000000
+1.571956177937550 +0.000000000000000 +1.571956177937550 +0.000000000000000  3  0  1  0           0            -0.964535829753710 +0.000000000000000 -0.897794806378921 +0.000000000000000 -0.065538526954412 +0.000000000000000 +0.001202496420377 +0.000000000000000
+1.572117201335832 +0.000000000000000 +1.572117201335832 +0.000000000000000  3  0  1  0           0            -0.964702536902639 +0.000000000000000 -0.897988239413772 +0.000000000000000 -0.065345093919561 +0.000000000000000 +0.001369203569306 +0.000000000000000
+1.572146575126504 +0.000000000000000 +1.572146575126504 +0.000000000000000  3  0  1  0           0            -0.964732941311354 +0.000000000000000 -0.898023515654523 +0.000000000000000 -0.065309817678811 +0.000000000000000 +0.001399607978021 +0.000000000000000
