# gamma = 1.0
# lambda = 0.9266666666666667
# fi1              V1                 fi2                V2                  nS nC nU isSComplex  isUComplex   Re(eigval1)        Im(eigval1)        Re(eigval2)        Im(eigval2)        Re(eigval3)        Im(eigval3)        Re(eigval4)        Im(eigval4)
# 0                1                  2                  3                   4  5  6  7           8            9                  10                 11                 12                 13                 14                 15                 16
+1.569383881166247 +0.000000000000000 +1.569383881166247 +0.000000000000000  4  0  0  0           0            -0.925139929885144 +0.000000000000000 -0.854824498774862 +0.000000000000000 -0.071842167891804 +0.000000000000000 -0.001526736781523 +0.000000000000000
+1.569532219404336 +0.000000000000000 +1.569532219404336 +0.000000000000000  4  0  0  0           0            -0.925300508275325 +0.000000000000000 -0.855013905641795 +0.000000000000000 -0.071652761024871 +0.000000000000000 -0.001366158391342 +0.000000000000000
+1.571446212007237 +0.000000000000000 +1.571446212007237 +0.000000000000000  3  0  1  0           0            -0.927367451631085 +0.000000000000000 -0.857449639700339 +0.000000000000000 -0.069217026966328 +0.000000000000000 +0.000700784964418 +0.000000000000000
+1.571956177937550 +0.000000000000000 +1.571956177937550 +0.000000000000000  3  0  1  0           0            -0.927916618289198 +0.000000000000000 -0.858096083172248 +0.000000000000000 -0.068570583494418 +0.000000000000000 +0.001249951622531 +0.000000000000000
+1.572117201335832 +0.000000000000000 +1.572117201335832 +0.000000000000000  3  0  1  0           0            -0.928089884588529 +0.000000000000000 -0.858299979943681 +0.000000000000000 -0.068366686722986 +0.000000000000000 +0.001423217921862 +0.000000000000000
+1.572146575126504 +0.000000000000000 +1.572146575126504 +0.000000000000000  3  0  1  0           0            -0.928121484751909 +0.000000000000000 -0.858337163313622 +0.000000000000000 -0.068329503353045 +0.000000000000000 +0.001454818085242 +0.000000000000000
