# gamma = 1.0
# lambda = 0.9433333333333334
# fi1              V1                 fi2                V2                  nS nC nU isSComplex  isUComplex   Re(eigval1)        Im(eigval1)        Re(eigval2)        Im(eigval2)        Re(eigval3)        Im(eigval3)        Re(eigval4)        Im(eigval4)
# 0                1                  2                  3                   4  5  6  7           8            9                  10                 11                 12                 13                 14                 15                 16
+1.569383881166247 +0.000000000000000 +1.569383881166247 +0.000000000000000  4  0  0  0           0            -0.941833657517187 +0.000000000000000 -0.872985740827655 +0.000000000000000 -0.070347592505678 +0.000000000000000 -0.001499675816147 +0.000000000000000
+1.569532219404336 +0.000000000000000 +1.569532219404336 +0.000000000000000  4  0  0  0           0            -0.941991381507968 +0.000000000000000 -0.873170511468372 +0.000000000000000 -0.070162821864962 +0.000000000000000 -0.001341951825366 +0.000000000000000
+1.571446212007237 +0.000000000000000 +1.571446212007237 +0.000000000000000  3  0  1  0           0            -0.944021755144644 +0.000000000000000 -0.875547007375445 +0.000000000000000 -0.067786325957889 +0.000000000000000 +0.000688421811311 +0.000000000000000
+1.571956177937550 +0.000000000000000 +1.571956177937550 +0.000000000000000  3  0  1  0           0            -0.944561258861427 +0.000000000000000 -0.876177847386123 +0.000000000000000 -0.067155485947211 +0.000000000000000 +0.001227925528093 +0.000000000000000
+1.572117201335832 +0.000000000000000 +1.572117201335832 +0.000000000000000  3  0  1  0           0            -0.944731481043397 +0.000000000000000 -0.876376832836595 +0.000000000000000 -0.066956500496740 +0.000000000000000 +0.001398147710063 +0.000000000000000
+1.572146575126504 +0.000000000000000 +1.572146575126504 +0.000000000000000  3  0  1  0           0            -0.944762526261488 +0.000000000000000 -0.876413121086915 +0.000000000000000 -0.066920212246417 +0.000000000000000 +0.001429192928155 +0.000000000000000
