# gamma = 1.0
# lambda = 1.03
# fi1              V1                 fi2                V2                  nS nC nU isSComplex  isUComplex   Re(eigval1)        Im(eigval1)        Re(eigval2)        Im(eigval2)        Re(eigval3)        Im(eigval3)        Re(eigval4)        Im(eigval4)
# 0                1                  2                  3                   4  5  6  7           8            9                  10                 11                 12                 13                 14                 15                 16
+1.569383881166247 +0.000000000000000 +1.569383881166247 +0.000000000000000  4  0  0  0           0            -1.028626863433941 +0.000000000000000 -0.966456038658238 +0.000000000000000 -0.063543961341762 +0.000000000000000 -0.001373136566059 +0.000000000000000
+1.569532219404336 +0.000000000000000 +1.569532219404336 +0.000000000000000  4  0  0  0           0            -1.028771245736959 +0.000000000000000 -0.966620297314134 +0.000000000000000 -0.063379702685866 +0.000000000000000 -0.001228754263041 +0.000000000000000
+1.571446212007237 +0.000000000000000 +1.571446212007237 +0.000000000000000  3  0  1  0           0            -1.030630570434486 +0.000000000000000 -0.968734377325098 +0.000000000000000 -0.061265622674903 +0.000000000000000 +0.000630570434486 +0.000000000000000
+1.571956177937550 +0.000000000000000 +1.571956177937550 +0.000000000000000  3  0  1  0           0            -1.031124840404532 +0.000000000000000 -0.969295994790405 +0.000000000000000 -0.060704005209595 +0.000000000000000 +0.001124840404532 +0.000000000000000
+1.572117201335832 +0.000000000000000 +1.572117201335832 +0.000000000000000  3  0  1  0           0            -1.031280809402059 +0.000000000000000 -0.969473183099780 +0.000000000000000 -0.060526816900221 +0.000000000000000 +0.001280809402059 +0.000000000000000
+1.572146575126504 +0.000000000000000 +1.572146575126504 +0.000000000000000  3  0  1  0           0            -1.031309256087201 +0.000000000000000 -0.969505498230020 +0.000000000000000 -0.060494501769980 +0.000000000000000 +0.001309256087201 +0.000000000000000
