# gamma = 1.0
# lambda = 0.9333333333333333
# fi1              V1                 fi2                V2                  nS nC nU isSComplex  isUComplex   Re(eigval1)        Im(eigval1)        Re(eigval2)        Im(eigval2)        Re(eigval3)        Im(eigval3)        Re(eigval4)        Im(eigval4)
# 0                1                  2                  3                   4  5  6  7           8            9                  10                 11                 12                 13                 14                 15                 16
+1.569383881166247 +0.000000000000000 +1.569383881166247 +0.000000000000000  4  0  0  0           0            -0.931817537480391 +0.000000000000000 -0.862097232782598 +0.000000000000000 -0.071236100550735 +0.000000000000000 -0.001515795852942 +0.000000000000000
+1.569532219404336 +0.000000000000000 +1.569532219404336 +0.000000000000000  4  0  0  0           0            -0.931976961764341 +0.000000000000000 -0.862284753619077 +0.000000000000000 -0.071048579714257 +0.000000000000000 -0.001356371568993 +0.000000000000000
+1.571446212007237 +0.000000000000000 +1.571446212007237 +0.000000000000000  3  0  1  0           0            -0.934029120169696 +0.000000000000000 -0.864696392873606 +0.000000000000000 -0.068636940459727 +0.000000000000000 +0.000695786836363 +0.000000000000000
+1.571956177937550 +0.000000000000000 +1.571956177937550 +0.000000000000000  3  0  1  0           0            -0.934574380495346 +0.000000000000000 -0.865336490782290 +0.000000000000000 -0.067996842551044 +0.000000000000000 +0.001241047162013 +0.000000000000000
+1.572117201335832 +0.000000000000000 +1.572117201335832 +0.000000000000000  3  0  1  0           0            -0.934746416212215 +0.000000000000000 -0.865538390325569 +0.000000000000000 -0.067794943007765 +0.000000000000000 +0.001413082878882 +0.000000000000000
+1.572146575126504 +0.000000000000000 +1.572146575126504 +0.000000000000000  3  0  1  0           0            -0.934777792040863 +0.000000000000000 -0.865575209692629 +0.000000000000000 -0.067758123640704 +0.000000000000000 +0.001444458707529 +0.000000000000000
