# gamma = 1.0
# lambda = 0.9966666666666667
# fi1              V1                 fi2                V2                  nS nC nU isSComplex  isUComplex   Re(eigval1)        Im(eigval1)        Re(eigval2)        Im(eigval2)        Re(eigval3)        Im(eigval3)        Re(eigval4)        Im(eigval4)
# 0                1                  2                  3                   4  5  6  7           8            9                  10                 11                 12                 13                 14                 15                 16
+1.569383881166247 +0.000000000000000 +1.569383881166247 +0.000000000000000  4  0  0  0           0            -0.995247476774733 +0.000000000000000 -0.930680029807470 +0.000000000000000 -0.065986636859196 +0.000000000000000 -0.001419189891934 +0.000000000000000
+1.569532219404336 +0.000000000000000 +1.569532219404336 +0.000000000000000  4  0  0  0           0            -0.995396713655418 +0.000000000000000 -0.930851545732786 +0.000000000000000 -0.065815120933881 +0.000000000000000 -0.001269953011248 +0.000000000000000
+1.571446212007237 +0.000000000000000 +1.571446212007237 +0.000000000000000  3  0  1  0           0            -0.997318299316984 +0.000000000000000 -0.933058529609907 +0.000000000000000 -0.063608137056761 +0.000000000000000 +0.000651632650317 +0.000000000000000
+1.571956177937550 +0.000000000000000 +1.571956177937550 +0.000000000000000  3  0  1  0           0            -0.997829041016307 +0.000000000000000 -0.933644672484652 +0.000000000000000 -0.063021994182014 +0.000000000000000 +0.001162374349641 +0.000000000000000
+1.572117201335832 +0.000000000000000 +1.572117201335832 +0.000000000000000  3  0  1  0           0            -0.997990200861397 +0.000000000000000 -0.933829585059978 +0.000000000000000 -0.062837081606689 +0.000000000000000 +0.001323534194730 +0.000000000000000
+1.572146575126504 +0.000000000000000 +1.572146575126504 +0.000000000000000  3  0  1  0           0            -0.998019593933352 +0.000000000000000 -0.933863308228782 +0.000000000000000 -0.062803358437885 +0.000000000000000 +0.001352927266685 +0.000000000000000
