# gamma = 1.0
# lambda = 0.9066666666666667
# fi1              V1                 fi2                V2                  nS nC nU isSComplex  isUComplex   Re(eigval1)        Im(eigval1)        Re(eigval2)        Im(eigval2)        Re(eigval3)        Im(eigval3)        Re(eigval4)        Im(eigval4)
# 0                1                  2                  3                   4  5  6  7           8            9                  10                 11                 12                 13                 14                 15                 16
+1.569383881166247 +0.000000000000000 +1.569383881166247 +0.000000000000000  4  0  0  0           0            -0.905106136799965 +0.000000000000000 -0.832936634098882 +0.000000000000000 -0.073730032567784 +0.000000000000000 -0.001560529866702 +0.000000000000000
+1.569532219404336 +0.000000000000000 +1.569532219404336 +0.000000000000000  4  0  0  0           0            -0.905270280326183 +0.000000000000000 -0.833131969530487 +0.000000000000000 -0.073534697136180 +0.000000000000000 -0.001396386340484 +0.000000000000000
+1.571446212007237 +0.000000000000000 +1.571446212007237 +0.000000000000000  3  0  1  0           0            -0.907382886000996 +0.000000000000000 -0.835643412036086 +0.000000000000000 -0.071023254630581 +0.000000000000000 +0.000716219334329 +0.000000000000000
+1.571956177937550 +0.000000000000000 +1.571956177937550 +0.000000000000000  3  0  1  0           0            -0.907944114104880 +0.000000000000000 -0.836309784298291 +0.000000000000000 -0.070356882368375 +0.000000000000000 +0.001277447438213 +0.000000000000000
+1.572117201335832 +0.000000000000000 +1.572117201335832 +0.000000000000000  3  0  1  0           0            -0.908121179771600 +0.000000000000000 -0.836519952708223 +0.000000000000000 -0.070146713958444 +0.000000000000000 +0.001454513104933 +0.000000000000000
+1.572146575126504 +0.000000000000000 +1.572146575126504 +0.000000000000000  3  0  1  0           0            -0.908153472544901 +0.000000000000000 -0.836558279066815 +0.000000000000000 -0.070108387599852 +0.000000000000000 +0.001486805878234 +0.000000000000000
