# gamma = 1.0
# lambda = 1.01
# fi1              V1                 fi2                V2                  nS nC nU isSComplex  isUComplex   Re(eigval1)        Im(eigval1)        Re(eigval2)        Im(eigval2)        Re(eigval3)        Im(eigval3)        Re(eigval4)        Im(eigval4)
# 0                1                  2                  3                   4  5  6  7           8            9                  10                 11                 12                 13                 14                 15                 16
+1.569383881166247 +0.000000000000000 +1.569383881166247 +0.000000000000000  4  0  0  0           0            -1.008599597737119 +0.000000000000000 -0.945014266633468 +0.000000000000000 -0.064985733366532 +0.000000000000000 -0.001400402262880 +0.000000000000000
+1.569532219404336 +0.000000000000000 +1.569532219404336 +0.000000000000000  4  0  0  0           0            -1.008746854030977 +0.000000000000000 -0.945182794922868 +0.000000000000000 -0.064817205077133 +0.000000000000000 -0.001253145969023 +0.000000000000000
+1.571446212007237 +0.000000000000000 +1.571446212007237 +0.000000000000000  3  0  1  0           0            -1.010643041252022 +0.000000000000000 -0.947351540255704 +0.000000000000000 -0.062648459744296 +0.000000000000000 +0.000643041252022 +0.000000000000000
+1.571956177937550 +0.000000000000000 +1.571956177937550 +0.000000000000000  3  0  1  0           0            -1.011147064480872 +0.000000000000000 -0.947927591015286 +0.000000000000000 -0.062072408984715 +0.000000000000000 +0.001147064480872 +0.000000000000000
+1.572117201335832 +0.000000000000000 +1.572117201335832 +0.000000000000000  3  0  1  0           0            -1.011306107169216 +0.000000000000000 -0.948109325287615 +0.000000000000000 -0.061890674712385 +0.000000000000000 +0.001306107169216 +0.000000000000000
+1.572146575126504 +0.000000000000000 +1.572146575126504 +0.000000000000000  3  0  1  0           0            -1.011335114248774 +0.000000000000000 -0.948142469101437 +0.000000000000000 -0.061857530898562 +0.000000000000000 +0.001335114248774 +0.000000000000000
