# gamma = 1.0
# lambda = 0.93
# fi1              V1                 fi2                V2                  nS nC nU isSComplex  isUComplex   Re(eigval1)        Im(eigval1)        Re(eigval2)        Im(eigval2)        Re(eigval3)        Im(eigval3)        Re(eigval4)        Im(eigval4)
# 0                1                  2                  3                   4  5  6  7           8            9                  10                 11                 12                 13                 14                 15                 16
+1.569383881166247 +0.000000000000000 +1.569383881166247 +0.000000000000000  4  0  0  0           0            -0.928478753386807 +0.000000000000000 -0.858462266095477 +0.000000000000000 -0.071537733904522 +0.000000000000000 -0.001521246613193 +0.000000000000000
+1.569532219404336 +0.000000000000000 +1.569532219404336 +0.000000000000000  4  0  0  0           0            -0.928638752636260 +0.000000000000000 -0.858650724559357 +0.000000000000000 -0.071349275440643 +0.000000000000000 -0.001361247363740 +0.000000000000000
+1.571446212007237 +0.000000000000000 +1.571446212007237 +0.000000000000000  3  0  1  0           0            -0.930698276963308 +0.000000000000000 -0.861074342979438 +0.000000000000000 -0.068925657020562 +0.000000000000000 +0.000698276963308 +0.000000000000000
+1.571956177937550 +0.000000000000000 +1.571956177937550 +0.000000000000000  3  0  1  0           0            -0.931245483498343 +0.000000000000000 -0.861717595882265 +0.000000000000000 -0.068282404117735 +0.000000000000000 +0.001245483498343 +0.000000000000000
+1.572117201335832 +0.000000000000000 +1.572117201335832 +0.000000000000000  3  0  1  0           0            -0.931418132319966 +0.000000000000000 -0.861920488456876 +0.000000000000000 -0.068079511543124 +0.000000000000000 +0.001418132319966 +0.000000000000000
+1.572146575126504 +0.000000000000000 +1.572146575126504 +0.000000000000000  3  0  1  0           0            -0.931449619917648 +0.000000000000000 -0.861957488808712 +0.000000000000000 -0.068042511191288 +0.000000000000000 +0.001449619917648 +0.000000000000000
