# gamma = 1.0
# lambda = 0.9133333333333333
# fi1              V1                 fi2                V2                  nS nC nU isSComplex  isUComplex   Re(eigval1)        Im(eigval1)        Re(eigval2)        Im(eigval2)        Re(eigval3)        Im(eigval3)        Re(eigval4)        Im(eigval4)
# 0                1                  2                  3                   4  5  6  7           8            9                  10                 11                 12                 13                 14                 15                 16
+1.569383881166247 +0.000000000000000 +1.569383881166247 +0.000000000000000  4  0  0  0           0            -0.911784233110144 +0.000000000000000 -0.840244558737407 +0.000000000000000 -0.073088774595925 +0.000000000000000 -0.001549100223189 +0.000000000000000
+1.569532219404336 +0.000000000000000 +1.569532219404336 +0.000000000000000  4  0  0  0           0            -0.911947170741409 +0.000000000000000 -0.840437871149951 +0.000000000000000 -0.072895462183382 +0.000000000000000 -0.001386162591925 +0.000000000000000
+1.571446212007237 +0.000000000000000 +1.571446212007237 +0.000000000000000  3  0  1  0           0            -0.914044332945900 +0.000000000000000 -0.842923484873205 +0.000000000000000 -0.070409848460129 +0.000000000000000 +0.000710999612567 +0.000000000000000
+1.571956177937550 +0.000000000000000 +1.571956177937550 +0.000000000000000  3  0  1  0           0            -0.914601482254047 +0.000000000000000 -0.843583059866864 +0.000000000000000 -0.069750273466471 +0.000000000000000 +0.001268148920714 +0.000000000000000
+1.572117201335832 +0.000000000000000 +1.572117201335832 +0.000000000000000  3  0  1  0           0            -0.914777263140149 +0.000000000000000 -0.843791089302710 +0.000000000000000 -0.069542244030623 +0.000000000000000 +0.001443929806816 +0.000000000000000
+1.572146575126504 +0.000000000000000 +1.572146575126504 +0.000000000000000  3  0  1  0           0            -0.914809321705207 +0.000000000000000 -0.843829025846589 +0.000000000000000 -0.069504307486744 +0.000000000000000 +0.001475988371874 +0.000000000000000
