# gamma = 1.0
# lambda = 1.0
# fi1              V1                 fi2                V2                  nS nC nU isSComplex  isUComplex   Re(eigval1)        Im(eigval1)        Re(eigval2)        Im(eigval2)        Re(eigval3)        Im(eigval3)        Re(eigval4)        Im(eigval4)
# 0                1                  2                  3                   4  5  6  7           8            9                  10                 11                 12                 13                 14                 15                 16
+1.569383881166247 +0.000000000000000 +1.569383881166247 +0.000000000000000  4  0  0  0           0            -0.998585554184022 +0.000000000000000 -0.934266686312672 +0.000000000000000 -0.065733313687328 +0.000000000000000 -0.001414445815978 +0.000000000000000
+1.569532219404336 +0.000000000000000 +1.569532219404336 +0.000000000000000  4  0  0  0           0            -0.998734290926648 +0.000000000000000 -0.934437444226562 +0.000000000000000 -0.065562555773439 +0.000000000000000 -0.001265709073352 +0.000000000000000
+1.571446212007237 +0.000000000000000 +1.571446212007237 +0.000000000000000  3  0  1  0           0            -1.000649463363932 +0.000000000000000 -0.936634727394185 +0.000000000000000 -0.063365272605816 +0.000000000000000 +0.000649463363932 +0.000000000000000
+1.571956177937550 +0.000000000000000 +1.571956177937550 +0.000000000000000  3  0  1  0           0            -1.001158508740103 +0.000000000000000 -0.937218310324035 +0.000000000000000 -0.062781689675965 +0.000000000000000 +0.001158508740103 +0.000000000000000
+1.572117201335832 +0.000000000000000 +1.572117201335832 +0.000000000000000  3  0  1  0           0            -1.001319134042224 +0.000000000000000 -0.937402416724972 +0.000000000000000 -0.062597583275029 +0.000000000000000 +0.001319134042224 +0.000000000000000
+1.572146575126504 +0.000000000000000 +1.572146575126504 +0.000000000000000  3  0  1  0           0            -1.001348429658774 +0.000000000000000 -0.937435992942188 +0.000000000000000 -0.062564007057811 +0.000000000000000 +0.001348429658774 +0.000000000000000
