# gamma = 1.0
# lambda = 1.0166666666666668
# fi1              V1                 fi2                V2                  nS nC nU isSComplex  isUComplex   Re(eigval1)        Im(eigval1)        Re(eigval2)        Im(eigval2)        Re(eigval3)        Im(eigval3)        Re(eigval4)        Im(eigval4)
# 0                1                  2                  3                   4  5  6  7           8            9                  10                 11                 12                 13                 14                 15                 16
+1.569383881166247 +0.000000000000000 +1.569383881166247 +0.000000000000000  4  0  0  0           0            -1.015275472653756 +0.000000000000000 -0.952169263175394 +0.000000000000000 -0.064497403491273 +0.000000000000000 -0.001391194012911 +0.000000000000000
+1.569532219404336 +0.000000000000000 +1.569532219404336 +0.000000000000000  4  0  0  0           0            -1.015421758288868 +0.000000000000000 -0.952336340895089 +0.000000000000000 -0.064330325771578 +0.000000000000000 -0.001244908377799 +0.000000000000000
+1.571446212007237 +0.000000000000000 +1.571446212007237 +0.000000000000000  3  0  1  0           0            -1.017305496564656 +0.000000000000000 -0.954486516606043 +0.000000000000000 -0.062180150060624 +0.000000000000000 +0.000638829897989 +0.000000000000000
+1.571956177937550 +0.000000000000000 +1.571956177937550 +0.000000000000000  3  0  1  0           0            -1.017806226292695 +0.000000000000000 -0.955057665176118 +0.000000000000000 -0.061609001490549 +0.000000000000000 +0.001139559626029 +0.000000000000000
+1.572117201335832 +0.000000000000000 +1.572117201335832 +0.000000000000000  3  0  1  0           0            -1.017964231076615 +0.000000000000000 -0.955237855501798 +0.000000000000000 -0.061428811164869 +0.000000000000000 +0.001297564409948 +0.000000000000000
+1.572146575126504 +0.000000000000000 +1.572146575126504 +0.000000000000000  3  0  1  0           0            -1.017993048927078 +0.000000000000000 -0.955270717872931 +0.000000000000000 -0.061395948793735 +0.000000000000000 +0.001326382260411 +0.000000000000000
