# gamma = 1.0
# lambda = 1.0433333333333334
# fi1              V1                 fi2                V2                  nS nC nU isSComplex  isUComplex   Re(eigval1)        Im(eigval1)        Re(eigval2)        Im(eigval2)        Re(eigval3)        Im(eigval3)        Re(eigval4)        Im(eigval4)
# 0                1                  2                  3                   4  5  6  7           8            9                  10                 11                 12                 13                 14                 15                 16
+1.569383881166247 +0.000000000000000 +1.569383881166247 +0.000000000000000  4  0  0  0           0            -1.041977790853051 +0.000000000000000 -0.980713141385839 +0.000000000000000 -0.062620191947494 +0.000000000000000 -0.001355542480282 +0.000000000000000
+1.569532219404336 +0.000000000000000 +1.569532219404336 +0.000000000000000  4  0  0  0           0            -1.042120318836788 +0.000000000000000 -0.980874684951646 +0.000000000000000 -0.062458648381687 +0.000000000000000 -0.001213014496545 +0.000000000000000
+1.571446212007237 +0.000000000000000 +1.571446212007237 +0.000000000000000  3  0  1  0           0            -1.043955855026626 +0.000000000000000 -0.982953991744763 +0.000000000000000 -0.060379341588571 +0.000000000000000 +0.000622521693292 +0.000000000000000
+1.571956177937550 +0.000000000000000 +1.571956177937550 +0.000000000000000  3  0  1  0           0            -1.044443829513051 +0.000000000000000 -0.983506424584622 +0.000000000000000 -0.059826908748712 +0.000000000000000 +0.001110496179718 +0.000000000000000
+1.572117201335832 +0.000000000000000 +1.572117201335832 +0.000000000000000  3  0  1  0           0            -1.044597814398332 +0.000000000000000 -0.983680719773232 +0.000000000000000 -0.059652613560101 +0.000000000000000 +0.001264481064998 +0.000000000000000
+1.572146575126504 +0.000000000000000 +1.572146575126504 +0.000000000000000  3  0  1  0           0            -1.044625899334405 +0.000000000000000 -0.983712507501134 +0.000000000000000 -0.059620825832200 +0.000000000000000 +0.001292566001072 +0.000000000000000
