# gamma = 1.0
# lambda = 1.0033333333333334
# fi1              V1                 fi2                V2                  nS nC nU isSComplex  isUComplex   Re(eigval1)        Im(eigval1)        Re(eigval2)        Im(eigval2)        Re(eigval3)        Im(eigval3)        Re(eigval4)        Im(eigval4)
# 0                1                  2                  3                   4  5  6  7           8            9                  10                 11                 12                 13                 14                 15                 16
+1.569383881166247 +0.000000000000000 +1.569383881166247 +0.000000000000000  4  0  0  0           0            -1.001923599937394 +0.000000000000000 -0.937851259798328 +0.000000000000000 -0.065482073535005 +0.000000000000000 -0.001409733395939 +0.000000000000000
+1.569532219404336 +0.000000000000000 +1.569532219404336 +0.000000000000000  4  0  0  0           0            -1.002071839891875 +0.000000000000000 -0.938021267181605 +0.000000000000000 -0.065312066151729 +0.000000000000000 -0.001261493441458 +0.000000000000000
+1.571446212007237 +0.000000000000000 +1.571446212007237 +0.000000000000000  3  0  1  0           0            -1.003980641796802 +0.000000000000000 -0.940208944686744 +0.000000000000000 -0.063124388646590 +0.000000000000000 +0.000647308463468 +0.000000000000000
+1.571956177937550 +0.000000000000000 +1.571956177937550 +0.000000000000000  3  0  1  0           0            -1.004488002060312 +0.000000000000000 -0.940789992541128 +0.000000000000000 -0.062543340792205 +0.000000000000000 +0.001154668726978 +0.000000000000000
+1.572117201335832 +0.000000000000000 +1.572117201335832 +0.000000000000000  3  0  1  0           0            -1.004648096345029 +0.000000000000000 -0.940973300581168 +0.000000000000000 -0.062360032752165 +0.000000000000000 +0.001314763011696 +0.000000000000000
+1.572146575126504 +0.000000000000000 +1.572146575126504 +0.000000000000000  3  0  1  0           0            -1.004677295148574 +0.000000000000000 -0.941006731270117 +0.000000000000000 -0.062326602063217 +0.000000000000000 +0.001343961815240 +0.000000000000000
