# gamma = 1.0
# lambda = 1.0266666666666668
# fi1              V1                 fi2                V2                  nS nC nU isSComplex  isUComplex   Re(eigval1)        Im(eigval1)        Re(eigval2)        Im(eigval2)        Re(eigval3)        Im(eigval3)        Re(eigval4)        Im(eigval4)
# 0                1                  2                  3                   4  5  6  7           8            9                  10                 11                 12                 13                 14                 15                 16
+1.569383881166247 +0.000000000000000 +1.569383881166247 +0.000000000000000  4  0  0  0           0            -1.025289059887984 +0.000000000000000 -0.962887185449073 +0.000000000000000 -0.063779481217594 +0.000000000000000 -0.001377606778683 +0.000000000000000
+1.569532219404336 +0.000000000000000 +1.569532219404336 +0.000000000000000  4  0  0  0           0            -1.025433913353722 +0.000000000000000 -0.963052138874327 +0.000000000000000 -0.063614527792340 +0.000000000000000 -0.001232753312945 +0.000000000000000
+1.571446212007237 +0.000000000000000 +1.571446212007237 +0.000000000000000  3  0  1  0           0            -1.027299281891898 +0.000000000000000 -0.965175115683865 +0.000000000000000 -0.061491550982802 +0.000000000000000 +0.000632615225231 +0.000000000000000
+1.571956177937550 +0.000000000000000 +1.571956177937550 +0.000000000000000  3  0  1  0           0            -1.027795151152416 +0.000000000000000 -0.965739082626725 +0.000000000000000 -0.060927584039942 +0.000000000000000 +0.001128484485749 +0.000000000000000
+1.572117201335832 +0.000000000000000 +1.572117201335832 +0.000000000000000  3  0  1  0           0            -1.027951624174183 +0.000000000000000 -0.965917010975333 +0.000000000000000 -0.060749655691335 +0.000000000000000 +0.001284957507516 +0.000000000000000
+1.572146575126504 +0.000000000000000 +1.572146575126504 +0.000000000000000  3  0  1  0           0            -1.027980162753694 +0.000000000000000 -0.965949461009347 +0.000000000000000 -0.060717205657319 +0.000000000000000 +0.001313496087027 +0.000000000000000
