# gamma = 1.0
# lambda = 0.9933333333333334
# fi1              V1                 fi2                V2                  nS nC nU isSComplex  isUComplex   Re(eigval1)        Im(eigval1)        Re(eigval2)        Im(eigval2)        Re(eigval3)        Im(eigval3)        Re(eigval4)        Im(eigval4)
# 0                1                  2                  3                   4  5  6  7           8            9                  10                 11                 12                 13                 14                 15                 16
+1.569383881166247 +0.000000000000000 +1.569383881166247 +0.000000000000000  4  0  0  0           0            -0.991909367389016 +0.000000000000000 -0.927091262407623 +0.000000000000000 -0.066242070925709 +0.000000000000000 -0.001423965944317 +0.000000000000000
+1.569532219404336 +0.000000000000000 +1.569532219404336 +0.000000000000000  4  0  0  0           0            -0.992059107791765 +0.000000000000000 -0.927263543947360 +0.000000000000000 -0.066069789385973 +0.000000000000000 -0.001274225541568 +0.000000000000000
+1.571446212007237 +0.000000000000000 +1.571446212007237 +0.000000000000000  3  0  1  0           0            -0.993987149800401 +0.000000000000000 -0.929480325120709 +0.000000000000000 -0.063853008212625 +0.000000000000000 +0.000653816467068 +0.000000000000000
+1.571956177937550 +0.000000000000000 +1.571956177937550 +0.000000000000000  3  0  1  0           0            -0.994499599145407 +0.000000000000000 -0.930069053208760 +0.000000000000000 -0.063264280124574 +0.000000000000000 +0.001166265812073 +0.000000000000000
+1.572117201335832 +0.000000000000000 +1.572117201335832 +0.000000000000000  3  0  1  0           0            -0.994661297094168 +0.000000000000000 -0.930254779896981 +0.000000000000000 -0.063078553436353 +0.000000000000000 +0.001327963760834 +0.000000000000000
+1.572146575126504 +0.000000000000000 +1.572146575126504 +0.000000000000000  3  0  1  0           0            -0.994690788270326 +0.000000000000000 -0.930288651463444 +0.000000000000000 -0.063044681869890 +0.000000000000000 +0.001357454936993 +0.000000000000000
