# gamma = 1.0
# lambda = 1.06
# fi1              V1                 fi2                V2                  nS nC nU isSComplex  isUComplex   Re(eigval1)        Im(eigval1)        Re(eigval2)        Im(eigval2)        Re(eigval3)        Im(eigval3)        Re(eigval4)        Im(eigval4)
# 0                1                  2                  3                   4  5  6  7           8            9                  10                 11                 12                 13                 14                 15                 16
+1.569383881166247 +0.000000000000000 +1.569383881166247 +0.000000000000000  4  0  0  0           0            -1.058665825300812 +0.000000000000000 -0.998494989131140 +0.000000000000000 -0.061505010868858 +0.000000000000000 -0.001334174699188 +0.000000000000000
+1.569532219404336 +0.000000000000000 +1.569532219404336 +0.000000000000000  4  0  0  0           0            -1.058806101464522 +0.000000000000000 -0.998653275829910 +0.000000000000000 -0.061346724170089 +0.000000000000000 -0.001193898535478 +0.000000000000000
+1.571446212007237 +0.000000000000000 +1.571446212007237 +0.000000000000000  3  0  1  0           0            -1.060612745009573 +0.000000000000000 -1.000690859446617 +0.000000000000000 -0.059309140553384 +0.000000000000000 +0.000612745009572 +0.000000000000000
+1.571956177937550 +0.000000000000000 +1.571956177937550 +0.000000000000000  3  0  1  0           0            -1.061093071770480 +0.000000000000000 -1.001232268507372 +0.000000000000000 -0.058767731492628 +0.000000000000000 +0.001093071770480 +0.000000000000000
+1.572117201335832 +0.000000000000000 +1.572117201335832 +0.000000000000000  3  0  1  0           0            -1.061244646238289 +0.000000000000000 -1.001403090949609 +0.000000000000000 -0.058596909050391 +0.000000000000000 +0.001244646238290 +0.000000000000000
+1.572146575126504 +0.000000000000000 +1.572146575126504 +0.000000000000000  3  0  1  0           0            -1.061272291693552 +0.000000000000000 -1.001434245596687 +0.000000000000000 -0.058565754403312 +0.000000000000000 +0.001272291693552 +0.000000000000000
