# gamma = 1.0
# lambda = 0.9566666666666667
# fi1              V1                 fi2                V2                  nS nC nU isSComplex  isUComplex   Re(eigval1)        Im(eigval1)        Re(eigval2)        Im(eigval2)        Re(eigval3)        Im(eigval3)        Re(eigval4)        Im(eigval4)
# 0                1                  2                  3                   4  5  6  7           8            9                  10                 11                 12                 13                 14                 15                 16
+1.569383881166247 +0.000000000000000 +1.569383881166247 +0.000000000000000  4  0  0  0           0            -0.955187957531072 +0.000000000000000 -0.887466969959272 +0.000000000000000 -0.069199696707394 +0.000000000000000 -0.001478709135595 +0.000000000000000
+1.569532219404336 +0.000000000000000 +1.569532219404336 +0.000000000000000  4  0  0  0           0            -0.955343470252754 +0.000000000000000 -0.887648213008975 +0.000000000000000 -0.069018453657692 +0.000000000000000 -0.001323196413913 +0.000000000000000
+1.571446212007237 +0.000000000000000 +1.571446212007237 +0.000000000000000  3  0  1  0           0            -0.957345507442062 +0.000000000000000 -0.889979617106639 +0.000000000000000 -0.066687049560030 +0.000000000000000 +0.000678840775396 +0.000000000000000
+1.571956177937550 +0.000000000000000 +1.571956177937550 +0.000000000000000  3  0  1  0           0            -0.957877521766872 +0.000000000000000 -0.890598573998105 +0.000000000000000 -0.066068092668562 +0.000000000000000 +0.001210855100206 +0.000000000000000
+1.572117201335832 +0.000000000000000 +1.572117201335832 +0.000000000000000  3  0  1  0           0            -0.958045384395867 +0.000000000000000 -0.890793818634196 +0.000000000000000 -0.065872848032471 +0.000000000000000 +0.001378717729201 +0.000000000000000
+1.572146575126504 +0.000000000000000 +1.572146575126504 +0.000000000000000  3  0  1  0           0            -0.958075999456638 +0.000000000000000 -0.890829425071299 +0.000000000000000 -0.065837241595367 +0.000000000000000 +0.001409332789971 +0.000000000000000
