# gamma = 1.0
# lambda = 0.9500000000000001
# fi1              V1                 fi2                V2                  nS nC nU isSComplex  isUComplex   Re(eigval1)        Im(eigval1)        Re(eigval2)        Im(eigval2)        Re(eigval3)        Im(eigval3)        Re(eigval4)        Im(eigval4)
# 0                1                  2                  3                   4  5  6  7           8            9                  10                 11                 12                 13                 14                 15                 16
+1.569383881166247 +0.000000000000000 +1.569383881166247 +0.000000000000000  4  0  0  0           0            -0.948510881438842 +0.000000000000000 -0.880231483032832 +0.000000000000000 -0.069768516967168 +0.000000000000000 -0.001489118561158 +0.000000000000000
+1.569532219404336 +0.000000000000000 +1.569532219404336 +0.000000000000000  4  0  0  0           0            -0.948667491966787 +0.000000000000000 -0.880414470568216 +0.000000000000000 -0.069585529431784 +0.000000000000000 -0.001332508033213 +0.000000000000000
+1.571446212007237 +0.000000000000000 +1.571446212007237 +0.000000000000000  3  0  1  0           0            -0.950683597748119 +0.000000000000000 -0.882768175764851 +0.000000000000000 -0.067231824235150 +0.000000000000000 +0.000683597748118 +0.000000000000000
+1.571956177937550 +0.000000000000000 +1.571956177937550 +0.000000000000000  3  0  1  0           0            -0.951219330647764 +0.000000000000000 -0.883393010325353 +0.000000000000000 -0.066606989674647 +0.000000000000000 +0.001219330647764 +0.000000000000000
+1.572117201335832 +0.000000000000000 +1.572117201335832 +0.000000000000000  3  0  1  0           0            -0.951388364842012 +0.000000000000000 -0.883590105309521 +0.000000000000000 -0.066409894690479 +0.000000000000000 +0.001388364842011 +0.000000000000000
+1.572146575126504 +0.000000000000000 +1.572146575126504 +0.000000000000000  3  0  1  0           0            -0.951419193485441 +0.000000000000000 -0.883626048999961 +0.000000000000000 -0.066373951000039 +0.000000000000000 +0.001419193485442 +0.000000000000000
