# gamma = 1.0
# lambda = 1.0366666666666666
# fi1              V1                 fi2                V2                  nS nC nU isSComplex  isUComplex   Re(eigval1)        Im(eigval1)        Re(eigval2)        Im(eigval2)        Re(eigval3)        Im(eigval3)        Re(eigval4)        Im(eigval4)
# 0                1                  2                  3                   4  5  6  7           8            9                  10                 11                 12                 13                 14                 15                 16
+1.569383881166247 +0.000000000000000 +1.569383881166247 +0.000000000000000  4  0  0  0           0            -1.035302383940266 +0.000000000000000 -0.973588206218218 +0.000000000000000 -0.063078460448448 +0.000000000000000 -0.001364282726401 +0.000000000000000
+1.569532219404336 +0.000000000000000 +1.569532219404336 +0.000000000000000  4  0  0  0           0            -1.035445833076427 +0.000000000000000 -0.973751094724510 +0.000000000000000 -0.062915571942156 +0.000000000000000 -0.001220833590240 +0.000000000000000
+1.571446212007237 +0.000000000000000 +1.571446212007237 +0.000000000000000  3  0  1  0           0            -1.037293186897208 +0.000000000000000 -0.975847627766894 +0.000000000000000 -0.060819038899773 +0.000000000000000 +0.000626520230541 +0.000000000000000
+1.571956177937550 +0.000000000000000 +1.571956177937550 +0.000000000000000  3  0  1  0           0            -1.037784288984633 +0.000000000000000 -0.976404610895077 +0.000000000000000 -0.060262055771589 +0.000000000000000 +0.001117622317966 +0.000000000000000
+1.572117201335832 +0.000000000000000 +1.572117201335832 +0.000000000000000  3  0  1  0           0            -1.037939259590232 +0.000000000000000 -0.976580339435162 +0.000000000000000 -0.060086327231504 +0.000000000000000 +0.001272592923566 +0.000000000000000
+1.572146575126504 +0.000000000000000 +1.572146575126504 +0.000000000000000  3  0  1  0           0            -1.037967524246290 +0.000000000000000 -0.976612388457788 +0.000000000000000 -0.060054278208879 +0.000000000000000 +0.001300857579623 +0.000000000000000
