# gamma = 1.0
# lambda = 0.9666666666666667
# fi1              V1                 fi2                V2                  nS nC nU isSComplex  isUComplex   Re(eigval1)        Im(eigval1)        Re(eigval2)        Im(eigval2)        Re(eigval3)        Im(eigval3)        Re(eigval4)        Im(eigval4)
# 0                1                  2                  3                   4  5  6  7           8            9                  10                 11                 12                 13                 14                 15                 16
+1.569383881166247 +0.000000000000000 +1.569383881166247 +0.000000000000000  4  0  0  0           0            -0.965203301221040 +0.000000000000000 -0.898301604351853 +0.000000000000000 -0.068365062314813 +0.000000000000000 -0.001463365445626 +0.000000000000000
+1.569532219404336 +0.000000000000000 +1.569532219404336 +0.000000000000000  4  0  0  0           0            -0.965357195872542 +0.000000000000000 -0.898480300150168 +0.000000000000000 -0.068186366516499 +0.000000000000000 -0.001309470794125 +0.000000000000000
+1.571446212007237 +0.000000000000000 +1.571446212007237 +0.000000000000000  3  0  1  0           0            -0.967338494749722 +0.000000000000000 -0.900779133740650 +0.000000000000000 -0.065887532926017 +0.000000000000000 +0.000671828083056 +0.000000000000000
+1.571956177937550 +0.000000000000000 +1.571956177937550 +0.000000000000000  3  0  1  0           0            -0.967865026820679 +0.000000000000000 -0.901389504192844 +0.000000000000000 -0.065277162473824 +0.000000000000000 +0.001198360154012 +0.000000000000000
+1.572117201335832 +0.000000000000000 +1.572117201335832 +0.000000000000000  3  0  1  0           0            -0.968031162158630 +0.000000000000000 -0.901582045546482 +0.000000000000000 -0.065084621120185 +0.000000000000000 +0.001364495491963 +0.000000000000000
+1.572146575126504 +0.000000000000000 +1.572146575126504 +0.000000000000000  3  0  1  0           0            -0.968061462321563 +0.000000000000000 -0.901617159260692 +0.000000000000000 -0.065049507405974 +0.000000000000000 +0.001394795654896 +0.000000000000000
