# gamma = 1.0
# lambda = 1.0833333333333335
# fi1              V1                 fi2                V2                  nS nC nU isSComplex  isUComplex   Re(eigval1)        Im(eigval1)        Re(eigval2)        Im(eigval2)        Re(eigval3)        Im(eigval3)        Re(eigval4)        Im(eigval4)
# 0                1                  2                  3                   4  5  6  7           8            9                  10                 11                 12                 13                 14                 15                 16
+1.569383881166247 +0.000000000000000 +1.569383881166247 +0.000000000000000  4  0  0  0           0            -1.082027964891074 +0.000000000000000 -1.023320414309894 +0.000000000000000 -0.060012919023439 +0.000000000000000 -0.001305368442260 +0.000000000000000
+1.569532219404336 +0.000000000000000 +1.569532219404336 +0.000000000000000  4  0  0  0           0            -1.082165205724715 +0.000000000000000 -1.023474378024512 +0.000000000000000 -0.059858955308822 +0.000000000000000 -0.001168127608619 +0.000000000000000
+1.571446212007237 +0.000000000000000 +1.571446212007237 +0.000000000000000  3  0  1  0           0            -1.083932895510370 +0.000000000000000 -1.025456562121679 +0.000000000000000 -0.057876771211655 +0.000000000000000 +0.000599562177036 +0.000000000000000
+1.571956177937550 +0.000000000000000 +1.571956177937550 +0.000000000000000  3  0  1  0           0            -1.084402908924710 +0.000000000000000 -1.025983328222287 +0.000000000000000 -0.057350005111046 +0.000000000000000 +0.001069575591377 +0.000000000000000
+1.572117201335832 +0.000000000000000 +1.572117201335832 +0.000000000000000  3  0  1  0           0            -1.084551232605526 +0.000000000000000 -1.026149537297429 +0.000000000000000 -0.057183796035905 +0.000000000000000 +0.001217899272192 +0.000000000000000
+1.572146575126504 +0.000000000000000 +1.572146575126504 +0.000000000000000  3  0  1  0           0            -1.084578285347918 +0.000000000000000 -1.026179850903274 +0.000000000000000 -0.057153482430060 +0.000000000000000 +0.001244952014585 +0.000000000000000
