# gamma = 1.0
# lambda = 1.08
# fi1              V1                 fi2                V2                  nS nC nU isSComplex  isUComplex   Re(eigval1)        Im(eigval1)        Re(eigval2)        Im(eigval2)        Re(eigval3)        Im(eigval3)        Re(eigval4)        Im(eigval4)
# 0                1                  2                  3                   4  5  6  7           8            9                  10                 11                 12                 13                 14                 15                 16
+1.569383881166247 +0.000000000000000 +1.569383881166247 +0.000000000000000  4  0  0  0           0            -1.078690592864762 +0.000000000000000 -1.019778651922934 +0.000000000000000 -0.060221348077065 +0.000000000000000 -0.001309407135238 +0.000000000000000
+1.569532219404336 +0.000000000000000 +1.569532219404336 +0.000000000000000  4  0  0  0           0            -1.078828259231183 +0.000000000000000 -1.019933217173084 +0.000000000000000 -0.060066782826916 +0.000000000000000 -0.001171740768817 +0.000000000000000
+1.571446212007237 +0.000000000000000 +1.571446212007237 +0.000000000000000  3  0  1  0           0            -1.080601410622090 +0.000000000000000 -1.021923111260078 +0.000000000000000 -0.058076888739922 +0.000000000000000 +0.000601410622090 +0.000000000000000
+1.571956177937550 +0.000000000000000 +1.571956177937550 +0.000000000000000  3  0  1  0           0            -1.081072870214913 +0.000000000000000 -1.022451915617095 +0.000000000000000 -0.057548084382906 +0.000000000000000 +0.001072870214913 +0.000000000000000
+1.572117201335832 +0.000000000000000 +1.572117201335832 +0.000000000000000  3  0  1  0           0            -1.081221649748830 +0.000000000000000 -1.022618766892509 +0.000000000000000 -0.057381233107492 +0.000000000000000 +0.001221649748830 +0.000000000000000
+1.572146575126504 +0.000000000000000 +1.572146575126504 +0.000000000000000  3  0  1  0           0            -1.081248785607246 +0.000000000000000 -1.022649197576581 +0.000000000000000 -0.057350802423418 +0.000000000000000 +0.001248785607246 +0.000000000000000
