# gamma = 1.0
# lambda = 1.1
# fi1              V1                 fi2                V2                  nS nC nU isSComplex  isUComplex   Re(eigval1)        Im(eigval1)        Re(eigval2)        Im(eigval2)        Re(eigval3)        Im(eigval3)        Re(eigval4)        Im(eigval4)
# 0                1                  2                  3                   4  5  6  7           8            9                  10                 11                 12                 13                 14                 15                 16
+1.569383881166247 +0.000000000000000 +1.569383881166247 +0.000000000000000  4  0  0  0           0            -1.098714456562782 +0.000000000000000 -1.041006674945451 +0.000000000000000 -0.058993325054548 +0.000000000000000 -0.001285543437218 +0.000000000000000
+1.569532219404336 +0.000000000000000 +1.569532219404336 +0.000000000000000  4  0  0  0           0            -1.098849608678103 +0.000000000000000 -1.041157706797020 +0.000000000000000 -0.058842293202981 +0.000000000000000 -0.001150391321897 +0.000000000000000
+1.571446212007237 +0.000000000000000 +1.571446212007237 +0.000000000000000  3  0  1  0           0            -1.100590487718952 +0.000000000000000 -1.043102306997842 +0.000000000000000 -0.056897693002159 +0.000000000000000 +0.000590487718952 +0.000000000000000
+1.571956177937550 +0.000000000000000 +1.571956177937550 +0.000000000000000  3  0  1  0           0            -1.101053401116992 +0.000000000000000 -1.043619135450202 +0.000000000000000 -0.056380864549799 +0.000000000000000 +0.001053401116991 +0.000000000000000
+1.572117201335832 +0.000000000000000 +1.572117201335832 +0.000000000000000  3  0  1  0           0            -1.101199486716783 +0.000000000000000 -1.043782213285215 +0.000000000000000 -0.056217786714785 +0.000000000000000 +0.001199486716783 +0.000000000000000
+1.572146575126504 +0.000000000000000 +1.572146575126504 +0.000000000000000  3  0  1  0           0            -1.101226131384679 +0.000000000000000 -1.043811956033184 +0.000000000000000 -0.056188043966817 +0.000000000000000 +0.001226131384678 +0.000000000000000
