# gamma = 1.0
# lambda = 1.0233333333333334
# fi1              V1                 fi2                V2                  nS nC nU isSComplex  isUComplex   Re(eigval1)        Im(eigval1)        Re(eigval2)        Im(eigval2)        Re(eigval3)        Im(eigval3)        Re(eigval4)        Im(eigval4)
# 0                1                  2                  3                   4  5  6  7           8            9                  10                 11                 12                 13                 14                 15                 16
+1.569383881166247 +0.000000000000000 +1.569383881166247 +0.000000000000000  4  0  0  0           0            -1.021951227102083 +0.000000000000000 -0.959316454579904 +0.000000000000000 -0.064016878753429 +0.000000000000000 -0.001382106231250 +0.000000000000000
+1.569532219404336 +0.000000000000000 +1.569532219404336 +0.000000000000000  4  0  0  0           0            -1.022096554823585 +0.000000000000000 -0.959482109370337 +0.000000000000000 -0.063851223962996 +0.000000000000000 -0.001236778509748 +0.000000000000000
+1.571446212007237 +0.000000000000000 +1.571446212007237 +0.000000000000000  3  0  1  0           0            -1.023968006645757 +0.000000000000000 -0.961614066864037 +0.000000000000000 -0.061719266469298 +0.000000000000000 +0.000634673312423 +0.000000000000000
+1.571956177937550 +0.000000000000000 +1.571956177937550 +0.000000000000000  3  0  1  0           0            -1.024465485561934 +0.000000000000000 -0.962180405258934 +0.000000000000000 -0.061152928074399 +0.000000000000000 +0.001132152228601 +0.000000000000000
+1.572117201335832 +0.000000000000000 +1.572117201335832 +0.000000000000000  3  0  1  0           0            -1.024622465868336 +0.000000000000000 -0.962359080552926 +0.000000000000000 -0.060974252780407 +0.000000000000000 +0.001289132535003 +0.000000000000000
+1.572146575126504 +0.000000000000000 +1.572146575126504 +0.000000000000000  3  0  1  0           0            -1.024651096936335 +0.000000000000000 -0.962391666748864 +0.000000000000000 -0.060941666584470 +0.000000000000000 +0.001317763603002 +0.000000000000000
