# gamma = 1.0
# lambda = 0.92
# fi1              V1                 fi2                V2                  nS nC nU isSComplex  isUComplex   Re(eigval1)        Im(eigval1)        Re(eigval2)        Im(eigval2)        Re(eigval3)        Im(eigval3)        Re(eigval4)        Im(eigval4)
# 0                1                  2                  3                   4  5  6  7           8            9                  10                 11                 12                 13                 14                 15                 16
+1.569383881166247 +0.000000000000000 +1.569383881166247 +0.000000000000000  4  0  0  0           0            -0.918462162932764 +0.000000000000000 -0.847540391238112 +0.000000000000000 -0.072459608761888 +0.000000000000000 -0.001537837067236 +0.000000000000000
+1.569532219404336 +0.000000000000000 +1.569532219404336 +0.000000000000000  4  0  0  0           0            -0.918623912313899 +0.000000000000000 -0.847731728062209 +0.000000000000000 -0.072268271937791 +0.000000000000000 -0.001376087686101 +0.000000000000000
+1.571446212007237 +0.000000000000000 +1.571446212007237 +0.000000000000000  3  0  1  0           0            -0.920705855363912 +0.000000000000000 -0.850192113152732 +0.000000000000000 -0.069807886847269 +0.000000000000000 +0.000705855363912 +0.000000000000000
+1.571956177937550 +0.000000000000000 +1.571956177937550 +0.000000000000000  3  0  1  0           0            -0.921258984609085 +0.000000000000000 -0.850845047151174 +0.000000000000000 -0.069154952848825 +0.000000000000000 +0.001258984609085 +0.000000000000000
+1.572117201335832 +0.000000000000000 +1.572117201335832 +0.000000000000000  3  0  1  0           0            -0.921433499170623 +0.000000000000000 -0.851050986646044 +0.000000000000000 -0.068949013353955 +0.000000000000000 +0.001433499170623 +0.000000000000000
+1.572146575126504 +0.000000000000000 +1.572146575126504 +0.000000000000000  3  0  1  0           0            -0.921465326889593 +0.000000000000000 -0.851088542303809 +0.000000000000000 -0.068911457696191 +0.000000000000000 +0.001465326889593 +0.000000000000000
