# gamma = 1.0
# lambda = 1.0966666666666667
# fi1              V1                 fi2                V2                  nS nC nU isSComplex  isUComplex   Re(eigval1)        Im(eigval1)        Re(eigval2)        Im(eigval2)        Re(eigval3)        Im(eigval3)        Re(eigval4)        Im(eigval4)
# 0                1                  2                  3                   4  5  6  7           8            9                  10                 11                 12                 13                 14                 15                 16
+1.569383881166247 +0.000000000000000 +1.569383881166247 +0.000000000000000  4  0  0  0           0            -1.095377206606248 +0.000000000000000 -1.037472372140739 +0.000000000000000 -0.059194294525927 +0.000000000000000 -0.001289460060418 +0.000000000000000
+1.569532219404336 +0.000000000000000 +1.569532219404336 +0.000000000000000  4  0  0  0           0            -1.095512771352116 +0.000000000000000 -1.037623980485465 +0.000000000000000 -0.059042686181202 +0.000000000000000 -0.001153895314550 +0.000000000000000
+1.571446212007237 +0.000000000000000 +1.571446212007237 +0.000000000000000  3  0  1  0           0            -1.097258947247494 +0.000000000000000 -1.039575971559128 +0.000000000000000 -0.057090695107540 +0.000000000000000 +0.000592280580827 +0.000000000000000
+1.571956177937550 +0.000000000000000 +1.571956177937550 +0.000000000000000  3  0  1  0           0            -1.097723263462243 +0.000000000000000 -1.040094754478840 +0.000000000000000 -0.056571912187827 +0.000000000000000 +0.001056596795576 +0.000000000000000
+1.572117201335832 +0.000000000000000 +1.572117201335832 +0.000000000000000  3  0  1  0           0            -1.097869791269738 +0.000000000000000 -1.040258448164127 +0.000000000000000 -0.056408218502539 +0.000000000000000 +0.001203124603071 +0.000000000000000
+1.572146575126504 +0.000000000000000 +1.572146575126504 +0.000000000000000  3  0  1  0           0            -1.097896516566857 +0.000000000000000 -1.040288303189074 +0.000000000000000 -0.056378363477592 +0.000000000000000 +0.001229849900190 +0.000000000000000
