# gamma = 1.0
# lambda = 1.0066666666666668
# fi1              V1                 fi2                V2                  nS nC nU isSComplex  isUComplex   Re(eigval1)        Im(eigval1)        Re(eigval2)        Im(eigval2)        Re(eigval3)        Im(eigval3)        Re(eigval4)        Im(eigval4)
# 0                1                  2                  3                   4  5  6  7           8            9                  10                 11                 12                 13                 14                 15                 16
+1.569383881166247 +0.000000000000000 +1.569383881166247 +0.000000000000000  4  0  0  0           0            -1.005261614351083 +0.000000000000000 -0.941433777621436 +0.000000000000000 -0.065232889045230 +0.000000000000000 -0.001405052315584 +0.000000000000000
+1.569532219404336 +0.000000000000000 +1.569532219404336 +0.000000000000000  4  0  0  0           0            -1.005409360833702 +0.000000000000000 -0.941603041835474 +0.000000000000000 -0.065063624831193 +0.000000000000000 -0.001257305832965 +0.000000000000000
+1.571446212007237 +0.000000000000000 +1.571446212007237 +0.000000000000000  3  0  1  0           0            -1.007311834473053 +0.000000000000000 -0.943781207219720 +0.000000000000000 -0.062885459446947 +0.000000000000000 +0.000645167806386 +0.000000000000000
+1.571956177937550 +0.000000000000000 +1.571956177937550 +0.000000000000000  3  0  1  0           0            -1.007817520723829 +0.000000000000000 -0.944359744477892 +0.000000000000000 -0.062306922188776 +0.000000000000000 +0.001150854057162 +0.000000000000000
+1.572117201335832 +0.000000000000000 +1.572117201335832 +0.000000000000000  3  0  1  0           0            -1.007977087482030 +0.000000000000000 -0.944542261848261 +0.000000000000000 -0.062124404818406 +0.000000000000000 +0.001310420815363 +0.000000000000000
+1.572146575126504 +0.000000000000000 +1.572146575126504 +0.000000000000000  3  0  1  0           0            -1.008006190108654 +0.000000000000000 -0.944575548410000 +0.000000000000000 -0.062091118256667 +0.000000000000000 +0.001339523441987 +0.000000000000000
