# gamma = 1.0
# lambda = 0.9533333333333334
# fi1              V1                 fi2                V2                  nS nC nU isSComplex  isUComplex   Re(eigval1)        Im(eigval1)        Re(eigval2)        Im(eigval2)        Re(eigval3)        Im(eigval3)        Re(eigval4)        Im(eigval4)
# 0                1                  2                  3                   4  5  6  7           8            9                  10                 11                 12                 13                 14                 15                 16
+1.569383881166247 +0.000000000000000 +1.569383881166247 +0.000000000000000  4  0  0  0           0            -0.951849437768587 +0.000000000000000 -0.883850489960397 +0.000000000000000 -0.069482843372936 +0.000000000000000 -0.001483895564747 +0.000000000000000
+1.569532219404336 +0.000000000000000 +1.569532219404336 +0.000000000000000  4  0  0  0           0            -0.952005497457102 +0.000000000000000 -0.884032600511432 +0.000000000000000 -0.069300732821901 +0.000000000000000 -0.001327835876232 +0.000000000000000
+1.571446212007237 +0.000000000000000 +1.571446212007237 +0.000000000000000  3  0  1  0           0            -0.954014544296498 +0.000000000000000 -0.886375095037020 +0.000000000000000 -0.066958238296314 +0.000000000000000 +0.000681210963165 +0.000000000000000
+1.571956177937550 +0.000000000000000 +1.571956177937550 +0.000000000000000  3  0  1  0           0            -0.954548411446392 +0.000000000000000 -0.886996975069196 +0.000000000000000 -0.066336358264137 +0.000000000000000 +0.001215078113059 +0.000000000000000
+1.572117201335832 +0.000000000000000 +1.572117201335832 +0.000000000000000  3  0  1  0           0            -0.954716857826504 +0.000000000000000 -0.887193139951834 +0.000000000000000 -0.066140193381500 +0.000000000000000 +0.001383524493170 +0.000000000000000
+1.572146575126504 +0.000000000000000 +1.572146575126504 +0.000000000000000  3  0  1  0           0            -0.954747579308481 +0.000000000000000 -0.887228914118170 +0.000000000000000 -0.066104419215163 +0.000000000000000 +0.001414245975147 +0.000000000000000
