# gamma = 1.0
# lambda = 1.0666666666666667
# fi1              V1                 fi2                V2                  nS nC nU isSComplex  isUComplex   Re(eigval1)        Im(eigval1)        Re(eigval2)        Im(eigval2)        Re(eigval3)        Im(eigval3)        Re(eigval4)        Im(eigval4)
# 0                1                  2                  3                   4  5  6  7           8            9                  10                 11                 12                 13                 14                 15                 16
+1.569383881166247 +0.000000000000000 +1.569383881166247 +0.000000000000000  4  0  0  0           0            -1.065340851405619 +0.000000000000000 -1.005595971370085 +0.000000000000000 -0.061070695296580 +0.000000000000000 -0.001325815261048 +0.000000000000000
+1.569532219404336 +0.000000000000000 +1.569532219404336 +0.000000000000000  4  0  0  0           0            -1.065480246685794 +0.000000000000000 -1.005752995699911 +0.000000000000000 -0.060913670966756 +0.000000000000000 -0.001186419980873 +0.000000000000000
+1.571446212007237 +0.000000000000000 +1.571446212007237 +0.000000000000000  3  0  1  0           0            -1.067275586401058 +0.000000000000000 -1.007774404079783 +0.000000000000000 -0.058892262586883 +0.000000000000000 +0.000608919734391 +0.000000000000000
+1.571956177937550 +0.000000000000000 +1.571956177937550 +0.000000000000000  3  0  1  0           0            -1.067752920668087 +0.000000000000000 -1.008311538440735 +0.000000000000000 -0.058355128225932 +0.000000000000000 +0.001086254001420 +0.000000000000000
+1.572117201335832 +0.000000000000000 +1.572117201335832 +0.000000000000000  3  0  1  0           0            -1.067903551921397 +0.000000000000000 -1.008481014166661 +0.000000000000000 -0.058185652500006 +0.000000000000000 +0.001236885254730 +0.000000000000000
+1.572146575126504 +0.000000000000000 +1.572146575126504 +0.000000000000000  3  0  1  0           0            -1.067931025402578 +0.000000000000000 -1.008511923303212 +0.000000000000000 -0.058154743363454 +0.000000000000000 +0.001264358735911 +0.000000000000000
