# gamma = 1.0
# lambda = 1.0533333333333335
# fi1              V1                 fi2                V2                  nS nC nU isSComplex  isUComplex   Re(eigval1)        Im(eigval1)        Re(eigval2)        Im(eigval2)        Re(eigval3)        Im(eigval3)        Re(eigval4)        Im(eigval4)
# 0                1                  2                  3                   4  5  6  7           8            9                  10                 11                 12                 13                 14                 15                 16
+1.569383881166247 +0.000000000000000 +1.569383881166247 +0.000000000000000  4  0  0  0           0            -1.051990692976873 +0.000000000000000 -0.991387370551018 +0.000000000000000 -0.061945962782316 +0.000000000000000 -0.001342640356460 +0.000000000000000
+1.569532219404336 +0.000000000000000 +1.569532219404336 +0.000000000000000  4  0  0  0           0            -1.052131861255123 +0.000000000000000 -0.991546942354811 +0.000000000000000 -0.061786390978523 +0.000000000000000 -0.001201472078210 +0.000000000000000
+1.571446212007237 +0.000000000000000 +1.571446212007237 +0.000000000000000  3  0  1  0           0            -1.053949951954918 +0.000000000000000 -0.993600990682766 +0.000000000000000 -0.059732342650568 +0.000000000000000 +0.000616618621585 +0.000000000000000
+1.571956177937550 +0.000000000000000 +1.571956177937550 +0.000000000000000  3  0  1  0           0            -1.054433308905812 +0.000000000000000 -0.994146750371183 +0.000000000000000 -0.059186582962150 +0.000000000000000 +0.001099975572478 +0.000000000000000
+1.572117201335832 +0.000000000000000 +1.572117201335832 +0.000000000000000  3  0  1  0           0            -1.054585838448316 +0.000000000000000 -0.994318943400806 +0.000000000000000 -0.059014389932528 +0.000000000000000 +0.001252505114983 +0.000000000000000
+1.572146575126504 +0.000000000000000 +1.572146575126504 +0.000000000000000  3  0  1  0           0            -1.054613658038998 +0.000000000000000 -0.994350347907627 +0.000000000000000 -0.058982985425706 +0.000000000000000 +0.001280324705665 +0.000000000000000
