# gamma = 1.0
# lambda = 1.02
# fi1              V1                 fi2                V2                  nS nC nU isSComplex  isUComplex   Re(eigval1)        Im(eigval1)        Re(eigval2)        Im(eigval2)        Re(eigval3)        Im(eigval3)        Re(eigval4)        Im(eigval4)
# 0                1                  2                  3                   4  5  6  7           8            9                  10                 11                 12                 13                 14                 15                 16
+1.569383881166247 +0.000000000000000 +1.569383881166247 +0.000000000000000  4  0  0  0           0            -1.018613364788017 +0.000000000000000 -0.955743821988581 +0.000000000000000 -0.064256178011418 +0.000000000000000 -0.001386635211983 +0.000000000000000
+1.569532219404336 +0.000000000000000 +1.569532219404336 +0.000000000000000  4  0  0  0           0            -1.018759169888963 +0.000000000000000 -0.955910184842314 +0.000000000000000 -0.064089815157686 +0.000000000000000 -0.001240830111037 +0.000000000000000
+1.571446212007237 +0.000000000000000 +1.571446212007237 +0.000000000000000  3  0  1  0           0            -1.020636744826098 +0.000000000000000 -0.958051208196780 +0.000000000000000 -0.061948791803221 +0.000000000000000 +0.000636744826098 +0.000000000000000
+1.571956177937550 +0.000000000000000 +1.571956177937550 +0.000000000000000  3  0  1  0           0            -1.021135843864040 +0.000000000000000 -0.958619940353307 +0.000000000000000 -0.061380059646694 +0.000000000000000 +0.001135843864040 +0.000000000000000
+1.572117201335832 +0.000000000000000 +1.572117201335832 +0.000000000000000  3  0  1  0           0            -1.021293334747135 +0.000000000000000 -0.958799369603885 +0.000000000000000 -0.061200630396114 +0.000000000000000 +0.001293334747135 +0.000000000000000
+1.572146575126504 +0.000000000000000 +1.572146575126504 +0.000000000000000  3  0  1  0           0            -1.021322058903504 +0.000000000000000 -0.958832093239017 +0.000000000000000 -0.061167906760982 +0.000000000000000 +0.001322058903504 +0.000000000000000
