# gamma = 1.0
# lambda = 1.0566666666666666
# fi1              V1                 fi2                V2                  nS nC nU isSComplex  isUComplex   Re(eigval1)        Im(eigval1)        Re(eigval2)        Im(eigval2)        Re(eigval3)        Im(eigval3)        Re(eigval4)        Im(eigval4)
# 0                1                  2                  3                   4  5  6  7           8            9                  10                 11                 12                 13                 14                 15                 16
+1.569383881166247 +0.000000000000000 +1.569383881166247 +0.000000000000000  4  0  0  0           0            -1.055328272542525 +0.000000000000000 -0.994942019442046 +0.000000000000000 -0.061724647224620 +0.000000000000000 -0.001338394124141 +0.000000000000000
+1.569532219404336 +0.000000000000000 +1.569532219404336 +0.000000000000000  4  0  0  0           0            -1.055468993346216 +0.000000000000000 -0.995100945810054 +0.000000000000000 -0.061565720856613 +0.000000000000000 -0.001197673320450 +0.000000000000000
+1.571446212007237 +0.000000000000000 +1.571446212007237 +0.000000000000000  3  0  1  0           0            -1.057281342383093 +0.000000000000000 -0.997146725076472 +0.000000000000000 -0.059519941590196 +0.000000000000000 +0.000614675716426 +0.000000000000000
+1.571956177937550 +0.000000000000000 +1.571956177937550 +0.000000000000000  3  0  1  0           0            -1.057763179482675 +0.000000000000000 -0.997690299824420 +0.000000000000000 -0.058976366842247 +0.000000000000000 +0.001096512816008 +0.000000000000000
+1.572117201335832 +0.000000000000000 +1.572117201335832 +0.000000000000000  3  0  1  0           0            -1.057915229991401 +0.000000000000000 -0.997861804533916 +0.000000000000000 -0.058804862132750 +0.000000000000000 +0.001248563324735 +0.000000000000000
+1.572146575126504 +0.000000000000000 +1.572146575126504 +0.000000000000000  3  0  1  0           0            -1.057942962241673 +0.000000000000000 -0.997893083559468 +0.000000000000000 -0.058773583107199 +0.000000000000000 +0.001276295575007 +0.000000000000000
