# gamma = 1.0
# lambda = 1.04
# fi1              V1                 fi2                V2                  nS nC nU isSComplex  isUComplex   Re(eigval1)        Im(eigval1)        Re(eigval2)        Im(eigval2)        Re(eigval3)        Im(eigval3)        Re(eigval4)        Im(eigval4)
# 0                1                  2                  3                   4  5  6  7           8            9                  10                 11                 12                 13                 14                 15                 16
+1.569383881166247 +0.000000000000000 +1.569383881166247 +0.000000000000000  4  0  0  0           0            -1.038640101458602 +0.000000000000000 -0.977151566595793 +0.000000000000000 -0.062848433404206 +0.000000000000000 -0.001359898541398 +0.000000000000000
+1.569532219404336 +0.000000000000000 +1.569532219404336 +0.000000000000000  4  0  0  0           0            -1.038783088531331 +0.000000000000000 -0.977313779527915 +0.000000000000000 -0.062686220472085 +0.000000000000000 -0.001216911468669 +0.000000000000000
+1.571446212007237 +0.000000000000000 +1.571446212007237 +0.000000000000000  3  0  1  0           0            -1.040624514565530 +0.000000000000000 -0.979401659951937 +0.000000000000000 -0.060598340048065 +0.000000000000000 +0.000624514565530 +0.000000000000000
+1.571956177937550 +0.000000000000000 +1.571956177937550 +0.000000000000000  3  0  1  0           0            -1.041114047865344 +0.000000000000000 -0.979956357584721 +0.000000000000000 -0.060043642415279 +0.000000000000000 +0.001114047865344 +0.000000000000000
+1.572117201335832 +0.000000000000000 +1.572117201335832 +0.000000000000000  3  0  1  0           0            -1.041268524041923 +0.000000000000000 -0.980131366195400 +0.000000000000000 -0.059868633804600 +0.000000000000000 +0.001268524041924 +0.000000000000000
+1.572146575126504 +0.000000000000000 +1.572146575126504 +0.000000000000000  3  0  1  0           0            -1.041296698552100 +0.000000000000000 -0.980163283977893 +0.000000000000000 -0.059836716022107 +0.000000000000000 +0.001296698552100 +0.000000000000000
