# gamma = 1.0
# lambda = 0.99
# fi1              V1                 fi2                V2                  nS nC nU isSComplex  isUComplex   Re(eigval1)        Im(eigval1)        Re(eigval2)        Im(eigval2)        Re(eigval3)        Im(eigval3)        Re(eigval4)        Im(eigval4)
# 0                1                  2                  3                   4  5  6  7           8            9                  10                 11                 12                 13                 14                 15                 16
+1.569383881166247 +0.000000000000000 +1.569383881166247 +0.000000000000000  4  0  0  0           0            -0.988571225702014 +0.000000000000000 -0.923500355706957 +0.000000000000000 -0.066499644293043 +0.000000000000000 -0.001428774297986 +0.000000000000000
+1.569532219404336 +0.000000000000000 +1.569532219404336 +0.000000000000000  4  0  0  0           0            -0.988721473045387 +0.000000000000000 -0.923673410589118 +0.000000000000000 -0.066326589410882 +0.000000000000000 -0.001278526954613 +0.000000000000000
+1.571446212007237 +0.000000000000000 +1.571446212007237 +0.000000000000000  3  0  1  0           0            -0.990656014960571 +0.000000000000000 -0.925900087220453 +0.000000000000000 -0.064099912779547 +0.000000000000000 +0.000656014960571 +0.000000000000000
+1.571956177937550 +0.000000000000000 +1.571956177937550 +0.000000000000000  3  0  1  0           0            -0.991170183387317 +0.000000000000000 -0.926491426198255 +0.000000000000000 -0.063508573801745 +0.000000000000000 +0.001170183387317 +0.000000000000000
+1.572117201335832 +0.000000000000000 +1.572117201335832 +0.000000000000000  3  0  1  0           0            -0.991332423036059 +0.000000000000000 -0.926677975065726 +0.000000000000000 -0.063322024934274 +0.000000000000000 +0.001332423036059 +0.000000000000000
+1.572146575126504 +0.000000000000000 +1.572146575126504 +0.000000000000000  3  0  1  0           0            -0.991362012971700 +0.000000000000000 -0.926711996499192 +0.000000000000000 -0.063288003500808 +0.000000000000000 +0.001362012971700 +0.000000000000000
