# gamma = 1.0
# lambda = 0.9400000000000001
# fi1              V1                 fi2                V2                  nS nC nU isSComplex  isUComplex   Re(eigval1)        Im(eigval1)        Re(eigval2)        Im(eigval2)        Re(eigval3)        Im(eigval3)        Re(eigval4)        Im(eigval4)
# 0                1                  2                  3                   4  5  6  7           8            9                  10                 11                 12                 13                 14                 15                 16
+1.569383881166247 +0.000000000000000 +1.569383881166247 +0.000000000000000  4  0  0  0           0            -0.938494989131142 +0.000000000000000 -0.869358929837544 +0.000000000000000 -0.070641070162456 +0.000000000000000 -0.001505010868858 +0.000000000000000
+1.569532219404336 +0.000000000000000 +1.569532219404336 +0.000000000000000  4  0  0  0           0            -0.938653275829911 +0.000000000000000 -0.869544606954101 +0.000000000000000 -0.070455393045900 +0.000000000000000 -0.001346724170089 +0.000000000000000
+1.571446212007237 +0.000000000000000 +1.571446212007237 +0.000000000000000  3  0  1  0           0            -0.940690859446616 +0.000000000000000 -0.871932687357715 +0.000000000000000 -0.068067312642286 +0.000000000000000 +0.000690859446615 +0.000000000000000
+1.571956177937550 +0.000000000000000 +1.571956177937550 +0.000000000000000  3  0  1  0           0            -0.941232268507372 +0.000000000000000 -0.872566579440723 +0.000000000000000 -0.067433420559277 +0.000000000000000 +0.001232268507372 +0.000000000000000
+1.572117201335832 +0.000000000000000 +1.572117201335832 +0.000000000000000  3  0  1  0           0            -0.941403090949609 +0.000000000000000 -0.872766525616077 +0.000000000000000 -0.067233474383924 +0.000000000000000 +0.001403090949609 +0.000000000000000
+1.572146575126504 +0.000000000000000 +1.572146575126504 +0.000000000000000  3  0  1  0           0            -0.941434245596688 +0.000000000000000 -0.872802988967707 +0.000000000000000 -0.067197011032293 +0.000000000000000 +0.001434245596688 +0.000000000000000
