# gamma = 1.0
# lambda = 1.0133333333333334
# fi1              V1                 fi2                V2                  nS nC nU isSComplex  isUComplex   Re(eigval1)        Im(eigval1)        Re(eigval2)        Im(eigval2)        Re(eigval3)        Im(eigval3)        Re(eigval4)        Im(eigval4)
# 0                1                  2                  3                   4  5  6  7           8            9                  10                 11                 12                 13                 14                 15                 16
+1.569383881166247 +0.000000000000000 +1.569383881166247 +0.000000000000000  4  0  0  0           0            -1.011937550403401 +0.000000000000000 -0.948592753192570 +0.000000000000000 -0.064740580140764 +0.000000000000000 -0.001395782929933 +0.000000000000000
+1.569532219404336 +0.000000000000000 +1.569532219404336 +0.000000000000000  4  0  0  0           0            -1.012084319758857 +0.000000000000000 -0.948760552687745 +0.000000000000000 -0.064572780645589 +0.000000000000000 -0.001249013574476 +0.000000000000000
+1.571446212007237 +0.000000000000000 +1.571446212007237 +0.000000000000000  3  0  1  0           0            -1.013974261994891 +0.000000000000000 -0.950919968598915 +0.000000000000000 -0.062413364734419 +0.000000000000000 +0.000640928661557 +0.000000000000000
+1.571956177937550 +0.000000000000000 +1.571956177937550 +0.000000000000000  3  0  1  0           0            -1.014476633084927 +0.000000000000000 -0.951493556584212 +0.000000000000000 -0.061839776749122 +0.000000000000000 +0.001143299751594 +0.000000000000000
+1.572117201335832 +0.000000000000000 +1.572117201335832 +0.000000000000000  3  0  1  0           0            -1.014635155126292 +0.000000000000000 -0.951674515213136 +0.000000000000000 -0.061658818120198 +0.000000000000000 +0.001301821792959 +0.000000000000000
+1.572146575126504 +0.000000000000000 +1.572146575126504 +0.000000000000000  3  0  1  0           0            -1.014664067282487 +0.000000000000000 -0.951707517637035 +0.000000000000000 -0.061625815696298 +0.000000000000000 +0.001330733949153 +0.000000000000000
