# gamma = 1.0
# lambda = 0.9600000000000001
# fi1              V1                 fi2                V2                  nS nC nU isSComplex  isUComplex   Re(eigval1)        Im(eigval1)        Re(eigval2)        Im(eigval2)        Re(eigval3)        Im(eigval3)        Re(eigval4)        Im(eigval4)
# 0                1                  2                  3                   4  5  6  7           8            9                  10                 11                 12                 13                 14                 15                 16
+1.569383881166247 +0.000000000000000 +1.569383881166247 +0.000000000000000  4  0  0  0           0            -0.958526441109568 +0.000000000000000 -0.891080958986170 +0.000000000000000 -0.068919041013831 +0.000000000000000 -0.001473558890432 +0.000000000000000
+1.569532219404336 +0.000000000000000 +1.569532219404336 +0.000000000000000  4  0  0  0           0            -0.958681410696203 +0.000000000000000 -0.891261343850972 +0.000000000000000 -0.068738656149029 +0.000000000000000 -0.001318589303797 +0.000000000000000
+1.571446212007237 +0.000000000000000 +1.571446212007237 +0.000000000000000  3  0  1  0           0            -0.960676487012412 +0.000000000000000 -0.893581775670295 +0.000000000000000 -0.066418224329706 +0.000000000000000 +0.000676487012412 +0.000000000000000
+1.571956177937550 +0.000000000000000 +1.571956177937550 +0.000000000000000  3  0  1  0           0            -0.961206661303233 +0.000000000000000 -0.894197840267914 +0.000000000000000 -0.065802159732087 +0.000000000000000 +0.001206661303232 +0.000000000000000
+1.572117201335832 +0.000000000000000 +1.572117201335832 +0.000000000000000  3  0  1  0           0            -0.961373944202265 +0.000000000000000 -0.894392174343152 +0.000000000000000 -0.065607825656848 +0.000000000000000 +0.001373944202265 +0.000000000000000
+1.572146575126504 +0.000000000000000 +1.572146575126504 +0.000000000000000  3  0  1  0           0            -0.961404453574454 +0.000000000000000 -0.894427614815083 +0.000000000000000 -0.065572385184917 +0.000000000000000 +0.001404453574454 +0.000000000000000
