# gamma = 1.0
# lambda = 0.9033333333333333
# fi1              V1                 fi2                V2                  nS nC nU isSComplex  isUComplex   Re(eigval1)        Im(eigval1)        Re(eigval2)        Im(eigval2)        Re(eigval3)        Im(eigval3)        Re(eigval4)        Im(eigval4)
# 0                1                  2                  3                   4  5  6  7           8            9                  10                 11                 12                 13                 14                 15                 16
+1.569383881166247 +0.000000000000000 +1.569383881166247 +0.000000000000000  4  0  0  0           0            -0.901767025052179 +0.000000000000000 -0.829278017950981 +0.000000000000000 -0.074055315382351 +0.000000000000000 -0.001566308281154 +0.000000000000000
+1.569532219404336 +0.000000000000000 +1.569532219404336 +0.000000000000000  4  0  0  0           0            -0.901931778266360 +0.000000000000000 -0.829474383268491 +0.000000000000000 -0.073858950064842 +0.000000000000000 -0.001401555066973 +0.000000000000000
+1.571446212007237 +0.000000000000000 +1.571446212007237 +0.000000000000000  3  0  1  0           0            -0.904052191351499 +0.000000000000000 -0.831998972610262 +0.000000000000000 -0.071334360723073 +0.000000000000000 +0.000718858018166 +0.000000000000000
+1.571956177937550 +0.000000000000000 +1.571956177937550 +0.000000000000000  3  0  1  0           0            -0.904615481280837 +0.000000000000000 -0.832668804010254 +0.000000000000000 -0.070664529323079 +0.000000000000000 +0.001282147947503 +0.000000000000000
+1.572117201335832 +0.000000000000000 +1.572117201335832 +0.000000000000000  3  0  1  0           0            -0.904793196385048 +0.000000000000000 -0.832880060889146 +0.000000000000000 -0.070453272444188 +0.000000000000000 +0.001459863051715 +0.000000000000000
+1.572146575126504 +0.000000000000000 +1.572146575126504 +0.000000000000000  3  0  1  0           0            -0.904825607546239 +0.000000000000000 -0.832918585611472 +0.000000000000000 -0.070414747721861 +0.000000000000000 +0.001492274212906 +0.000000000000000
