# gamma = 1.0
# lambda = 0.91
# fi1              V1                 fi2                V2                  nS nC nU isSComplex  isUComplex   Re(eigval1)        Im(eigval1)        Re(eigval2)        Im(eigval2)        Re(eigval3)        Im(eigval3)        Re(eigval4)        Im(eigval4)
# 0                1                  2                  3                   4  5  6  7           8            9                  10                 11                 12                 13                 14                 15                 16
+1.569383881166247 +0.000000000000000 +1.569383881166247 +0.000000000000000  4  0  0  0           0            -0.908445205996258 +0.000000000000000 -0.836592131523946 +0.000000000000000 -0.073407868476054 +0.000000000000000 -0.001554794003742 +0.000000000000000
+1.569532219404336 +0.000000000000000 +1.569532219404336 +0.000000000000000  4  0  0  0           0            -0.908608744344845 +0.000000000000000 -0.836786449400849 +0.000000000000000 -0.073213550599152 +0.000000000000000 -0.001391255655155 +0.000000000000000
+1.571446212007237 +0.000000000000000 +1.571446212007237 +0.000000000000000  3  0  1  0           0            -0.910713599935962 +0.000000000000000 -0.839284901039052 +0.000000000000000 -0.070715098960949 +0.000000000000000 +0.000713599935962 +0.000000000000000
+1.571956177937550 +0.000000000000000 +1.571956177937550 +0.000000000000000  3  0  1  0           0            -0.911272781220406 +0.000000000000000 -0.839947854757763 +0.000000000000000 -0.070052145242237 +0.000000000000000 +0.001272781220405 +0.000000000000000
+1.572117201335832 +0.000000000000000 +1.572117201335832 +0.000000000000000  3  0  1  0           0            -0.911449202164760 +0.000000000000000 -0.840156947434219 +0.000000000000000 -0.069843052565781 +0.000000000000000 +0.001449202164760 +0.000000000000000
+1.572146575126504 +0.000000000000000 +1.572146575126504 +0.000000000000000  3  0  1  0           0            -0.911481377409110 +0.000000000000000 -0.840195077748040 +0.000000000000000 -0.069804922251960 +0.000000000000000 +0.001481377409110 +0.000000000000000
