# gamma = 1.0
# lambda = 1.0933333333333335
# fi1              V1                 fi2                V2                  nS nC nU isSComplex  isUComplex   Re(eigval1)        Im(eigval1)        Re(eigval2)        Im(eigval2)        Re(eigval3)        Im(eigval3)        Re(eigval4)        Im(eigval4)
# 0                1                  2                  3                   4  5  6  7           8            9                  10                 11                 12                 13                 14                 15                 16
+1.569383881166247 +0.000000000000000 +1.569383881166247 +0.000000000000000  4  0  0  0           0            -1.092039932683102 +0.000000000000000 -1.033936611651408 +0.000000000000000 -0.059396721681925 +0.000000000000000 -0.001293400650232 +0.000000000000000
+1.569532219404336 +0.000000000000000 +1.569532219404336 +0.000000000000000  4  0  0  0           0            -1.092175912592482 +0.000000000000000 -1.034088801361584 +0.000000000000000 -0.059244531971748 +0.000000000000000 -0.001157420740852 +0.000000000000000
+1.571446212007237 +0.000000000000000 +1.571446212007237 +0.000000000000000  3  0  1  0           0            -1.093927417690380 +0.000000000000000 -1.036048245407670 +0.000000000000000 -0.057285087925662 +0.000000000000000 +0.000594084357046 +0.000000000000000
+1.571956177937550 +0.000000000000000 +1.571956177937550 +0.000000000000000  3  0  1  0           0            -1.094393145236992 +0.000000000000000 -1.036568999103499 +0.000000000000000 -0.056764334229834 +0.000000000000000 +0.001059811903658 +0.000000000000000
+1.572117201335832 +0.000000000000000 +1.572117201335832 +0.000000000000000  3  0  1  0           0            -1.094540117931911 +0.000000000000000 -1.036733313768151 +0.000000000000000 -0.056600019565183 +0.000000000000000 +0.001206784598577 +0.000000000000000
+1.572146575126504 +0.000000000000000 +1.572146575126504 +0.000000000000000  3  0  1  0           0            -1.094566924346624 +0.000000000000000 -1.036763282004666 +0.000000000000000 -0.056570051328667 +0.000000000000000 +0.001233591013290 +0.000000000000000
