# gamma = 1.0
# lambda = 1.07
# fi1              V1                 fi2                V2                  nS nC nU isSComplex  isUComplex   Re(eigval1)        Im(eigval1)        Re(eigval2)        Im(eigval2)        Re(eigval3)        Im(eigval3)        Re(eigval4)        Im(eigval4)
# 0                1                  2                  3                   4  5  6  7           8            9                  10                 11                 12                 13                 14                 15                 16
+1.569383881166247 +0.000000000000000 +1.569383881166247 +0.000000000000000  4  0  0  0           0            -1.068678325249385 +0.000000000000000 -1.009144023310416 +0.000000000000000 -0.060855976689584 +0.000000000000000 -0.001321674750615 +0.000000000000000
+1.569532219404336 +0.000000000000000 +1.569532219404336 +0.000000000000000  4  0  0  0           0            -1.068817284233198 +0.000000000000000 -1.009300424779598 +0.000000000000000 -0.060699575220402 +0.000000000000000 -0.001182715766802 +0.000000000000000
+1.571446212007237 +0.000000000000000 +1.571446212007237 +0.000000000000000  3  0  1  0           0            -1.070607024941415 +0.000000000000000 -1.011313851537613 +0.000000000000000 -0.058686148462389 +0.000000000000000 +0.000607024941415 +0.000000000000000
+1.571956177937550 +0.000000000000000 +1.571956177937550 +0.000000000000000  3  0  1  0           0            -1.071082876878756 +0.000000000000000 -1.011848876356654 +0.000000000000000 -0.058151123643346 +0.000000000000000 +0.001082876878756 +0.000000000000000
+1.572117201335832 +0.000000000000000 +1.572117201335832 +0.000000000000000  3  0  1  0           0            -1.071233040903715 +0.000000000000000 -1.012017687467504 +0.000000000000000 -0.057982312532496 +0.000000000000000 +0.001233040903715 +0.000000000000000
+1.572146575126504 +0.000000000000000 +1.572146575126504 +0.000000000000000  3  0  1  0           0            -1.071260429195851 +0.000000000000000 -1.012048475441771 +0.000000000000000 -0.057951524558228 +0.000000000000000 +0.001260429195851 +0.000000000000000
