# gamma = 1.0
# lambda = 1.05
# fi1              V1                 fi2                V2                  nS nC nU isSComplex  isUComplex   Re(eigval1)        Im(eigval1)        Re(eigval2)        Im(eigval2)        Re(eigval3)        Im(eigval3)        Re(eigval4)        Im(eigval4)
# 0                1                  2                  3                   4  5  6  7           8            9                  10                 11                 12                 13                 14                 15                 16
+1.569383881166247 +0.000000000000000 +1.569383881166247 +0.000000000000000  4  0  0  0           0            -1.048653086347239 +0.000000000000000 -0.987831021908632 +0.000000000000000 -0.062168978091368 +0.000000000000000 -0.001346913652761 +0.000000000000000
+1.569532219404336 +0.000000000000000 +1.569532219404336 +0.000000000000000  4  0  0  0           0            -1.048794704961884 +0.000000000000000 -0.987991244999414 +0.000000000000000 -0.062008755000587 +0.000000000000000 -0.001205295038116 +0.000000000000000
+1.571446212007237 +0.000000000000000 +1.571446212007237 +0.000000000000000  3  0  1  0           0            -1.050618573840949 +0.000000000000000 -0.990053636870624 +0.000000000000000 -0.059946363129377 +0.000000000000000 +0.000618573840949 +0.000000000000000
+1.571956177937550 +0.000000000000000 +1.571956177937550 +0.000000000000000  3  0  1  0           0            -1.051103460245800 +0.000000000000000 -0.990601601030971 +0.000000000000000 -0.059398398969028 +0.000000000000000 +0.001103460245800 +0.000000000000000
+1.572117201335832 +0.000000000000000 +1.572117201335832 +0.000000000000000  3  0  1  0           0            -1.051256471843193 +0.000000000000000 -0.990774488520835 +0.000000000000000 -0.059225511479165 +0.000000000000000 +0.001256471843193 +0.000000000000000
+1.572146575126504 +0.000000000000000 +1.572146575126504 +0.000000000000000  3  0  1  0           0            -1.051284379324827 +0.000000000000000 -0.990806019627611 +0.000000000000000 -0.059193980372389 +0.000000000000000 +0.001284379324827 +0.000000000000000
