# gamma = 1.0
# lambda = 0.9466666666666667
# fi1              V1                 fi2                V2                  nS nC nU isSComplex  isUComplex   Re(eigval1)        Im(eigval1)        Re(eigval2)        Im(eigval2)        Re(eigval3)        Im(eigval3)        Re(eigval4)        Im(eigval4)
# 0                1                  2                  3                   4  5  6  7           8            9                  10                 11                 12                 13                 14                 15                 16
+1.569383881166247 +0.000000000000000 +1.569383881166247 +0.000000000000000  4  0  0  0           0            -0.945172288153125 +0.000000000000000 -0.876609912476522 +0.000000000000000 -0.070056754190144 +0.000000000000000 -0.001494378513542 +0.000000000000000
+1.569532219404336 +0.000000000000000 +1.569532219404336 +0.000000000000000  4  0  0  0           0            -0.945329453434496 +0.000000000000000 -0.876793786650076 +0.000000000000000 -0.069872880016591 +0.000000000000000 -0.001337213232171 +0.000000000000000
+1.571446212007237 +0.000000000000000 +1.571446212007237 +0.000000000000000  3  0  1  0           0            -0.947352667971740 +0.000000000000000 -0.879158824907037 +0.000000000000000 -0.067507841759630 +0.000000000000000 +0.000686001305074 +0.000000000000000
+1.571956177937550 +0.000000000000000 +1.571956177937550 +0.000000000000000  3  0  1  0           0            -0.947890279681238 +0.000000000000000 -0.879786645937682 +0.000000000000000 -0.066880020728985 +0.000000000000000 +0.001223613014572 +0.000000000000000
+1.572117201335832 +0.000000000000000 +1.572117201335832 +0.000000000000000  3  0  1  0           0            -0.948059905795092 +0.000000000000000 -0.879984681051854 +0.000000000000000 -0.066681985614812 +0.000000000000000 +0.001393239128426 +0.000000000000000
+1.572146575126504 +0.000000000000000 +1.572146575126504 +0.000000000000000  3  0  1  0           0            -0.948090842347949 +0.000000000000000 -0.880020796092838 +0.000000000000000 -0.066645870573829 +0.000000000000000 +0.001424175681283 +0.000000000000000
