# gamma = 1.0
# lambda = 0.9766666666666667
# fi1              V1                 fi2                V2                  nS nC nU isSComplex  isUComplex   Re(eigval1)        Im(eigval1)        Re(eigval2)        Im(eigval2)        Re(eigval3)        Im(eigval3)        Re(eigval4)        Im(eigval4)
# 0                1                  2                  3                   4  5  6  7           8            9                  10                 11                 12                 13                 14                 15                 16
+1.569383881166247 +0.000000000000000 +1.569383881166247 +0.000000000000000  4  0  0  0           0            -0.975218329287648 +0.000000000000000 -0.909114748423678 +0.000000000000000 -0.067551918242988 +0.000000000000000 -0.001448337379018 +0.000000000000000
+1.569532219404336 +0.000000000000000 +1.569532219404336 +0.000000000000000  4  0  0  0           0            -0.975370639286944 +0.000000000000000 -0.909290976559526 +0.000000000000000 -0.067375690107140 +0.000000000000000 -0.001296027379723 +0.000000000000000
+1.571446212007237 +0.000000000000000 +1.571446212007237 +0.000000000000000  3  0  1  0           0            -0.977331625366177 +0.000000000000000 -0.911558249437098 +0.000000000000000 -0.065108417229569 +0.000000000000000 +0.000664958699510 +0.000000000000000
+1.571956177937550 +0.000000000000000 +1.571956177937550 +0.000000000000000  3  0  1  0           0            -0.977852786804846 +0.000000000000000 -0.912160297231395 +0.000000000000000 -0.064506369435272 +0.000000000000000 +0.001186120138179 +0.000000000000000
+1.572117201335832 +0.000000000000000 +1.572117201335832 +0.000000000000000  3  0  1  0           0            -0.978017229945515 +0.000000000000000 -0.912350218140165 +0.000000000000000 -0.064316448526502 +0.000000000000000 +0.001350563278848 +0.000000000000000
+1.572146575126504 +0.000000000000000 +1.572146575126504 +0.000000000000000  3  0  1  0           0            -0.978047221604600 +0.000000000000000 -0.912384854219373 +0.000000000000000 -0.064281812447294 +0.000000000000000 +0.001380554937934 +0.000000000000000
