# gamma = 1.0
# lambda = 0.9233333333333333
# fi1              V1                 fi2                V2                  nS nC nU isSComplex  isUComplex   Re(eigval1)        Im(eigval1)        Re(eigval2)        Im(eigval2)        Re(eigval3)        Im(eigval3)        Re(eigval4)        Im(eigval4)
# 0                1                  2                  3                   4  5  6  7           8            9                  10                 11                 12                 13                 14                 15                 16
+1.569383881166247 +0.000000000000000 +1.569383881166247 +0.000000000000000  4  0  0  0           0            -0.921801066545767 +0.000000000000000 -0.851183888304042 +0.000000000000000 -0.072149445029292 +0.000000000000000 -0.001532266787566 +0.000000000000000
+1.569532219404336 +0.000000000000000 +1.569532219404336 +0.000000000000000  4  0  0  0           0            -0.921962228297688 +0.000000000000000 -0.851374254554327 +0.000000000000000 -0.071959078779007 +0.000000000000000 -0.001371105035645 +0.000000000000000
+1.571446212007237 +0.000000000000000 +1.571446212007237 +0.000000000000000  3  0  1  0           0            -0.924036644366025 +0.000000000000000 -0.853822243291181 +0.000000000000000 -0.069511090042153 +0.000000000000000 +0.000703311032691 +0.000000000000000
+1.571956177937550 +0.000000000000000 +1.571956177937550 +0.000000000000000  3  0  1  0           0            -0.924587785210329 +0.000000000000000 -0.854471913568633 +0.000000000000000 -0.068861419764700 +0.000000000000000 +0.001254451876995 +0.000000000000000
+1.572117201335832 +0.000000000000000 +1.572117201335832 +0.000000000000000  3  0  1  0           0            -0.924761673407137 +0.000000000000000 -0.854676825909347 +0.000000000000000 -0.068656507423987 +0.000000000000000 +0.001428340073804 +0.000000000000000
+1.572146575126504 +0.000000000000000 +1.572146575126504 +0.000000000000000  3  0  1  0           0            -0.924793386941398 +0.000000000000000 -0.854714194368381 +0.000000000000000 -0.068619138964953 +0.000000000000000 +0.001460053608065 +0.000000000000000
