# gamma = 1.0
# lambda = 0.9
# fi1              V1                 fi2                V2                  nS nC nU isSComplex  isUComplex   Re(eigval1)        Im(eigval1)        Re(eigval2)        Im(eigval2)        Re(eigval3)        Im(eigval3)        Re(eigval4)        Im(eigval4)
# 0                1                  2                  3                   4  5  6  7           8            9                  10                 11                 12                 13                 14                 15                 16
+1.569383881166247 +0.000000000000000 +1.569383881166247 +0.000000000000000  4  0  0  0           0            -0.898427870276802 +0.000000000000000 -0.825616233463076 +0.000000000000000 -0.074383766536923 +0.000000000000000 -0.001572129723198 +0.000000000000000
+1.569532219404336 +0.000000000000000 +1.569532219404336 +0.000000000000000  4  0  0  0           0            -0.898593237740056 +0.000000000000000 -0.825813641245374 +0.000000000000000 -0.074186358754626 +0.000000000000000 -0.001406762259944 +0.000000000000000
+1.571446212007237 +0.000000000000000 +1.571446212007237 +0.000000000000000  3  0  1  0           0            -0.900721516201073 +0.000000000000000 -0.828351536492973 +0.000000000000000 -0.071648463507027 +0.000000000000000 +0.000721516201072 +0.000000000000000
+1.571956177937550 +0.000000000000000 +1.571956177937550 +0.000000000000000  3  0  1  0           0            -0.901286883127135 +0.000000000000000 -0.829024868422382 +0.000000000000000 -0.070975131577618 +0.000000000000000 +0.001286883127134 +0.000000000000000
+1.572117201335832 +0.000000000000000 +1.572117201335832 +0.000000000000000  3  0  1  0           0            -0.901465252435717 +0.000000000000000 -0.829237226755029 +0.000000000000000 -0.070762773244971 +0.000000000000000 +0.001465252435717 +0.000000000000000
+1.572146575126504 +0.000000000000000 +1.572146575126504 +0.000000000000000  3  0  1  0           0            -0.901497782853159 +0.000000000000000 -0.829275952205408 +0.000000000000000 -0.070724047794592 +0.000000000000000 +0.001497782853159 +0.000000000000000
