# gamma = 1.0
# lambda = 0.9833333333333334
# fi1              V1                 fi2                V2                  nS nC nU isSComplex  isUComplex   Re(eigval1)        Im(eigval1)        Re(eigval2)        Im(eigval2)        Re(eigval3)        Im(eigval3)        Re(eigval4)        Im(eigval4)
# 0                1                  2                  3                   4  5  6  7           8            9                  10                 11                 12                 13                 14                 15                 16
+1.569383881166247 +0.000000000000000 +1.569383881166247 +0.000000000000000  4  0  0  0           0            -0.981894844102542 +0.000000000000000 -0.916312008042385 +0.000000000000000 -0.067021325290949 +0.000000000000000 -0.001438489230792 +0.000000000000000
+1.569532219404336 +0.000000000000000 +1.569532219404336 +0.000000000000000  4  0  0  0           0            -0.982046115723433 +0.000000000000000 -0.916486633308087 +0.000000000000000 -0.066846700025246 +0.000000000000000 -0.001287217609900 +0.000000000000000
+1.571446212007237 +0.000000000000000 +1.571446212007237 +0.000000000000000  3  0  1  0           0            -0.983993789906596 +0.000000000000000 -0.918733401823721 +0.000000000000000 -0.064599931509613 +0.000000000000000 +0.000660456573263 +0.000000000000000
+1.571956177937550 +0.000000000000000 +1.571956177937550 +0.000000000000000  3  0  1  0           0            -0.984511431266753 +0.000000000000000 -0.919330041289412 +0.000000000000000 -0.064003292043921 +0.000000000000000 +0.001178097933420 +0.000000000000000
+1.572117201335832 +0.000000000000000 +1.572117201335832 +0.000000000000000  3  0  1  0           0            -0.984674765249192 +0.000000000000000 -0.919518259240489 +0.000000000000000 -0.063815074092844 +0.000000000000000 +0.001341431915858 +0.000000000000000
+1.572146575126504 +0.000000000000000 +1.572146575126504 +0.000000000000000  3  0  1  0           0            -0.984704554696004 +0.000000000000000 -0.919552584911740 +0.000000000000000 -0.063780748421593 +0.000000000000000 +0.001371221362671 +0.000000000000000
