# gamma = 1.0
# lambda = 1.0333333333333334
# fi1              V1                 fi2                V2                  nS nC nU isSComplex  isUComplex   Re(eigval1)        Im(eigval1)        Re(eigval2)        Im(eigval2)        Re(eigval3)        Im(eigval3)        Re(eigval4)        Im(eigval4)
# 0                1                  2                  3                   4  5  6  7           8            9                  10                 11                 12                 13                 14                 15                 16
+1.569383881166247 +0.000000000000000 +1.569383881166247 +0.000000000000000  4  0  0  0           0            -1.031964638024437 +0.000000000000000 -0.970023037842185 +0.000000000000000 -0.063310295491150 +0.000000000000000 -0.001368695308897 +0.000000000000000
+1.569532219404336 +0.000000000000000 +1.569532219404336 +0.000000000000000  4  0  0  0           0            -1.032108552227543 +0.000000000000000 -0.970186608224423 +0.000000000000000 -0.063146725108910 +0.000000000000000 -0.001224781105791 +0.000000000000000
+1.571446212007237 +0.000000000000000 +1.571446212007237 +0.000000000000000  3  0  1  0           0            -1.033961872145162 +0.000000000000000 -0.972291874058705 +0.000000000000000 -0.061041459274628 +0.000000000000000 +0.000628538811828 +0.000000000000000
+1.571956177937550 +0.000000000000000 +1.571956177937550 +0.000000000000000  3  0  1  0           0            -1.034454553090295 +0.000000000000000 -0.972851163692868 +0.000000000000000 -0.060482169640465 +0.000000000000000 +0.001121219756962 +0.000000000000000
+1.572117201335832 +0.000000000000000 +1.572117201335832 +0.000000000000000  3  0  1  0           0            -1.034610021292720 +0.000000000000000 -0.973027618766307 +0.000000000000000 -0.060305714567027 +0.000000000000000 +0.001276687959387 +0.000000000000000
+1.572146575126504 +0.000000000000000 +1.572146575126504 +0.000000000000000  3  0  1  0           0            -1.034638376671917 +0.000000000000000 -0.973059800232196 +0.000000000000000 -0.060273533101137 +0.000000000000000 +0.001305043338584 +0.000000000000000
