# gamma = 1.0
# lambda = 1.09
# fi1              V1                 fi2                V2                  nS nC nU isSComplex  isUComplex   Re(eigval1)        Im(eigval1)        Re(eigval2)        Im(eigval2)        Re(eigval3)        Im(eigval3)        Re(eigval4)        Im(eigval4)
# 0                1                  2                  3                   4  5  6  7           8            9                  10                 11                 12                 13                 14                 15                 16
+1.569383881166247 +0.000000000000000 +1.569383881166247 +0.000000000000000  4  0  0  0           0            -1.088702634572419 +0.000000000000000 -1.030399376638442 +0.000000000000000 -0.059600623361557 +0.000000000000000 -0.001297365427582 +0.000000000000000
+1.569532219404336 +0.000000000000000 +1.569532219404336 +0.000000000000000  4  0  0  0           0            -1.088839032201723 +0.000000000000000 -1.030552152653149 +0.000000000000000 -0.059447847346851 +0.000000000000000 -0.001160967798277 +0.000000000000000
+1.571446212007237 +0.000000000000000 +1.571446212007237 +0.000000000000000  3  0  1  0           0            -1.090595899147523 +0.000000000000000 -1.032519112616720 +0.000000000000000 -0.057480887383281 +0.000000000000000 +0.000595899147522 +0.000000000000000
+1.571956177937550 +0.000000000000000 +1.571956177937550 +0.000000000000000  3  0  1  0           0            -1.091063046618798 +0.000000000000000 -1.033041853617704 +0.000000000000000 -0.056958146382297 +0.000000000000000 +0.001063046618798 +0.000000000000000
+1.572117201335832 +0.000000000000000 +1.572117201335832 +0.000000000000000  3  0  1  0           0            -1.091210466905245 +0.000000000000000 -1.033206794459936 +0.000000000000000 -0.056793205540065 +0.000000000000000 +0.001210466905245 +0.000000000000000
+1.572146575126504 +0.000000000000000 +1.572146575126504 +0.000000000000000  3  0  1  0           0            -1.091237354930362 +0.000000000000000 -1.033236876855198 +0.000000000000000 -0.056763123144801 +0.000000000000000 +0.001237354930362 +0.000000000000000
