# gamma = 1.0
# lambda = 1.0466666666666669
# fi1              V1                 fi2                V2                  nS nC nU isSComplex  isUComplex   Re(eigval1)        Im(eigval1)        Re(eigval2)        Im(eigval2)        Re(eigval3)        Im(eigval3)        Re(eigval4)        Im(eigval4)
# 0                1                  2                  3                   4  5  6  7           8            9                  10                 11                 12                 13                 14                 15                 16
+1.569383881166247 +0.000000000000000 +1.569383881166247 +0.000000000000000  4  0  0  0           0            -1.045315452393715 +0.000000000000000 -0.984272952609835 +0.000000000000000 -0.062393714056831 +0.000000000000000 -0.001351214272952 +0.000000000000000
+1.569532219404336 +0.000000000000000 +1.569532219404336 +0.000000000000000  4  0  0  0           0            -1.045457524234200 +0.000000000000000 -0.984433832925218 +0.000000000000000 -0.062232833741450 +0.000000000000000 -0.001209142432467 +0.000000000000000
+1.571446212007237 +0.000000000000000 +1.571446212007237 +0.000000000000000  3  0  1  0           0            -1.047287208158562 +0.000000000000000 -0.986504643913309 +0.000000000000000 -0.060162022753359 +0.000000000000000 +0.000620541491895 +0.000000000000000
+1.571956177937550 +0.000000000000000 +1.571956177937550 +0.000000000000000  3  0  1  0           0            -1.047773633711157 +0.000000000000000 -0.987054832360909 +0.000000000000000 -0.059611834305758 +0.000000000000000 +0.001106967044490 +0.000000000000000
+1.572117201335832 +0.000000000000000 +1.572117201335832 +0.000000000000000  3  0  1  0           0            -1.047927130413153 +0.000000000000000 -0.987228420540154 +0.000000000000000 -0.059438246126513 +0.000000000000000 +0.001260463746487 +0.000000000000000
+1.572146575126504 +0.000000000000000 +1.572146575126504 +0.000000000000000  3  0  1  0           0            -1.047955126341493 +0.000000000000000 -0.987260079381776 +0.000000000000000 -0.059406587284891 +0.000000000000000 +0.001288459674826 +0.000000000000000
