# gamma = 1.0
# lambda = 0.9166666666666667
# fi1              V1                 fi2                V2                  nS nC nU isSComplex  isUComplex   Re(eigval1)        Im(eigval1)        Re(eigval2)        Im(eigval2)        Re(eigval3)        Im(eigval3)        Re(eigval4)        Im(eigval4)
# 0                1                  2                  3                   4  5  6  7           8            9                  10                 11                 12                 13                 14                 15                 16
+1.569383881166247 +0.000000000000000 +1.569383881166247 +0.000000000000000  4  0  0  0           0            -0.915123218603830 +0.000000000000000 -0.843893963176985 +0.000000000000000 -0.072772703489682 +0.000000000000000 -0.001543448062837 +0.000000000000000
+1.569532219404336 +0.000000000000000 +1.569532219404336 +0.000000000000000  4  0  0  0           0            -0.915285559928796 +0.000000000000000 -0.844086281981236 +0.000000000000000 -0.072580384685431 +0.000000000000000 -0.001381106737871 +0.000000000000000
+1.571446212007237 +0.000000000000000 +1.571446212007237 +0.000000000000000  3  0  1  0           0            -0.917375084823367 +0.000000000000000 -0.846559207807252 +0.000000000000000 -0.070107458859416 +0.000000000000000 +0.000708418156700 +0.000000000000000
+1.571956177937550 +0.000000000000000 +1.571956177937550 +0.000000000000000  3  0  1  0           0            -0.917930216837833 +0.000000000000000 -0.847215443139183 +0.000000000000000 -0.069451223527484 +0.000000000000000 +0.001263550171166 +0.000000000000000
+1.572117201335832 +0.000000000000000 +1.572117201335832 +0.000000000000000  3  0  1  0           0            -0.918105362279516 +0.000000000000000 -0.847422421591139 +0.000000000000000 -0.069244245075528 +0.000000000000000 +0.001438695612850 +0.000000000000000
+1.572146575126504 +0.000000000000000 +1.572146575126504 +0.000000000000000  3  0  1  0           0            -0.918137305005787 +0.000000000000000 -0.847460166596940 +0.000000000000000 -0.069206500069726 +0.000000000000000 +0.001470638339121 +0.000000000000000
