# gamma = 1.0
# lambda = 1.0866666666666667
# fi1              V1                 fi2                V2                  nS nC nU isSComplex  isUComplex   Re(eigval1)        Im(eigval1)        Re(eigval2)        Im(eigval2)        Re(eigval3)        Im(eigval3)        Re(eigval4)        Im(eigval4)
# 0                1                  2                  3                   4  5  6  7           8            9                  10                 11                 12                 13                 14                 15                 16
+1.569383881166247 +0.000000000000000 +1.569383881166247 +0.000000000000000  4  0  0  0           0            -1.085365312050549 +0.000000000000000 -1.026860649988866 +0.000000000000000 -0.059806016677801 +0.000000000000000 -0.001301354616118 +0.000000000000000
+1.569532219404336 +0.000000000000000 +1.569532219404336 +0.000000000000000  4  0  0  0           0            -1.085502129979929 +0.000000000000000 -1.027014017315252 +0.000000000000000 -0.059652649351414 +0.000000000000000 -0.001164536686738 +0.000000000000000
+1.571446212007237 +0.000000000000000 +1.571446212007237 +0.000000000000000  3  0  1  0           0            -1.087264391720060 +0.000000000000000 -1.028988557003074 +0.000000000000000 -0.057678109663594 +0.000000000000000 +0.000597725053393 +0.000000000000000
+1.571956177937550 +0.000000000000000 +1.571956177937550 +0.000000000000000  3  0  1  0           0            -1.087732967787394 +0.000000000000000 -1.029513302062728 +0.000000000000000 -0.057153364603939 +0.000000000000000 +0.001066301120727 +0.000000000000000
+1.572117201335832 +0.000000000000000 +1.572117201335832 +0.000000000000000  3  0  1  0           0            -1.087880838394147 +0.000000000000000 -1.029678874351196 +0.000000000000000 -0.056987792315472 +0.000000000000000 +0.001214171727480 +0.000000000000000
+1.572146575126504 +0.000000000000000 +1.572146575126504 +0.000000000000000  3  0  1  0           0            -1.087907808526975 +0.000000000000000 -1.029709071865211 +0.000000000000000 -0.056957594801455 +0.000000000000000 +0.001241141860308 +0.000000000000000
