# gamma = 1.0
# lambda = 1.0633333333333335
# fi1              V1                 fi2                V2                  nS nC nU isSComplex  isUComplex   Re(eigval1)        Im(eigval1)        Re(eigval2)        Im(eigval2)        Re(eigval3)        Im(eigval3)        Re(eigval4)        Im(eigval4)
# 0                1                  2                  3                   4  5  6  7           8            9                  10                 11                 12                 13                 14                 15                 16
+1.569383881166247 +0.000000000000000 +1.569383881166247 +0.000000000000000  4  0  0  0           0            -1.062003351505113 +0.000000000000000 -1.002046299819966 +0.000000000000000 -0.061287033513367 +0.000000000000000 -0.001329981828221 +0.000000000000000
+1.569532219404336 +0.000000000000000 +1.569532219404336 +0.000000000000000  4  0  0  0           0            -1.062143185836508 +0.000000000000000 -1.002203952533101 +0.000000000000000 -0.061129380800232 +0.000000000000000 -0.001190147496825 +0.000000000000000
+1.571446212007237 +0.000000000000000 +1.571446212007237 +0.000000000000000  3  0  1  0           0            -1.063944159719903 +0.000000000000000 -1.004233412863476 +0.000000000000000 -0.059099920469859 +0.000000000000000 +0.000610826386570 +0.000000000000000
+1.571956177937550 +0.000000000000000 +1.571956177937550 +0.000000000000000  3  0  1  0           0            -1.064422985565888 +0.000000000000000 -1.004772675217656 +0.000000000000000 -0.058560658115678 +0.000000000000000 +0.001089652232554 +0.000000000000000
+1.572117201335832 +0.000000000000000 +1.572117201335832 +0.000000000000000  3  0  1  0           0            -1.064574086957743 +0.000000000000000 -1.004942821359980 +0.000000000000000 -0.058390511973352 +0.000000000000000 +0.001240753624410 +0.000000000000000
+1.572146575126504 +0.000000000000000 +1.572146575126504 +0.000000000000000  3  0  1  0           0            -1.064601646158315 +0.000000000000000 -1.004973852715815 +0.000000000000000 -0.058359480617518 +0.000000000000000 +0.001268312824981 +0.000000000000000
