# i   j  Gamma              Lambda             paramK             distTrajToEq       integrationTime      startPtfi1         startPtV1          startPtfi2         startPtV2          sadfocPtfi1        sadfocPtV1         sadfocPtfi2        sadfocPtV2         saddlePtfi1        saddlePtV1         saddlePtfi2        saddlePtV2
# 0   1  2                  3                  4                  5                  6                    7                  8                  9                  10                 11                 12                 13                 14                 15                 16                 17                 18
  0   0 +0.799900000000000 +0.696200000000000 +0.060000000000000 +0.005043085779637 +1000.000000000000000 +1.029983465889965 +0.000000069316872 +2.304792504245667 +0.000004693035852 +1.029983335482281 +0.000000000000000 +2.304783675111876 +0.000000000000000 +1.029983335482281 +0.000000000000000 +2.304783675111876 +0.000000000000000
  0   1 +0.799900000000000 +0.696210000000000 +0.060000000000000 +0.006145964163393 +1000.000000000000000 +1.029983465890128 +0.000000069316565 +2.304792504256723 +0.000004693015053 +1.029983335482281 +0.000000000000000 +2.304783675111876 +0.000000000000000 +1.029983335482281 +0.000000000000000 +2.304783675111876 +0.000000000000000
  1   0 +0.799910000000000 +0.696200000000000 +0.060000000000000 +0.005097321991521 +1000.000000000000000 +1.030001725060009 +0.000000069325428 +2.304776681000973 +0.000004692982335 +1.030001594634326 +0.000000000000000 +2.304767851839069 +0.000000000000000 +1.030001594634326 +0.000000000000000 +2.304767851839069 +0.000000000000000
  1   1 +0.799910000000000 +0.696210000000000 +0.060000000000000 +0.004859657730164 +1000.000000000000000 +1.030001725060172 +0.000000069325121 +2.304776681012028 +0.000004692961536 +1.030001594634326 +0.000000000000000 +2.304767851839069 +0.000000000000000 +1.030001594634326 +0.000000000000000 +2.304767851839069 +0.000000000000000
  1   2 +0.799910000000000 +0.696220000000000 +0.060000000000000 +0.005857693447604 +1000.000000000000000 +1.030001725060335 +0.000000069324813 +2.304776681023084 +0.000004692940736 +1.030001594634326 +0.000000000000000 +2.304767851839069 +0.000000000000000 +1.030001594634326 +0.000000000000000 +2.304767851839069 +0.000000000000000
  2   1 +0.799920000000000 +0.696210000000000 +0.060000000000000 +0.005308182126466 +1000.000000000000000 +1.030019984631508 +0.000000069333677 +2.304760857347147 +0.000004692908015 +1.030019854187661 +0.000000000000000 +2.304752028146073 +0.000000000000000 +1.030019854187661 +0.000000000000000 +2.304752028146073 +0.000000000000000
  2   2 +0.799920000000000 +0.696220000000000 +0.060000000000000 +0.002822869491093 +1000.000000000000000 +1.030019984631672 +0.000000069333370 +2.304760857358203 +0.000004692887216 +1.030019854187661 +0.000000000000000 +2.304752028146073 +0.000000000000000 +1.030019854187661 +0.000000000000000 +2.304752028146073 +0.000000000000000
  2   3 +0.799920000000000 +0.696230000000000 +0.060000000000000 +0.005586658291292 +1000.000000000000000 +1.030019984631835 +0.000000069333062 +2.304760857369258 +0.000004692866416 +1.030019854187661 +0.000000000000000 +2.304752028146073 +0.000000000000000 +1.030019854187661 +0.000000000000000 +2.304752028146073 +0.000000000000000
  3   2 +0.799930000000000 +0.696220000000000 +0.060000000000000 +0.005550232317536 +1000.000000000000000 +1.030038244604445 +0.000000069341926 +2.304745033273097 +0.000004692833692 +1.030038114142433 +0.000000000000000 +2.304736204032852 +0.000000000000000 +1.030038114142433 +0.000000000000000 +2.304736204032852 +0.000000000000000
  3   3 +0.799930000000000 +0.696230000000000 +0.060000000000000 +0.002319570977188 +1000.000000000000000 +1.030038244604609 +0.000000069341619 +2.304745033284151 +0.000004692812893 +1.030038114142433 +0.000000000000000 +2.304736204032852 +0.000000000000000 +1.030038114142433 +0.000000000000000 +2.304736204032852 +0.000000000000000
  3   4 +0.799930000000000 +0.696240000000000 +0.060000000000000 +0.005339227943954 +1000.000000000000000 +1.030038244604772 +0.000000069341311 +2.304745033295207 +0.000004692792094 +1.030038114142433 +0.000000000000000 +2.304736204032852 +0.000000000000000 +1.030038114142433 +0.000000000000000 +2.304736204032852 +0.000000000000000
  4   3 +0.799940000000000 +0.696230000000000 +0.060000000000000 +0.005818860506852 +1000.000000000000000 +1.030056504980302 +0.000000069350176 +2.304729208779030 +0.000004692759367 +1.030056374500124 +0.000000000000000 +2.304720379499614 +0.000000000000000 +1.030056374500124 +0.000000000000000 +2.304720379499614 +0.000000000000000
  4   4 +0.799940000000000 +0.696240000000000 +0.060000000000000 +0.004674308741448 +1000.000000000000000 +1.030056504980466 +0.000000069349868 +2.304729208790085 +0.000004692738567 +1.030056374500124 +0.000000000000000 +2.304720379499614 +0.000000000000000 +1.030056374500124 +0.000000000000000 +2.304720379499614 +0.000000000000000
  4   5 +0.799940000000000 +0.696250000000000 +0.060000000000000 +0.005122384693399 +1000.000000000000000 +1.030056504980629 +0.000000069349561 +2.304729208801140 +0.000004692717768 +1.030056374500124 +0.000000000000000 +2.304720379499614 +0.000000000000000 +1.030056374500124 +0.000000000000000 +2.304720379499614 +0.000000000000000
  4   6 +0.799940000000000 +0.696260000000000 +0.060000000000000 +0.006279526784877 +1000.000000000000000 +1.030056504980793 +0.000000069349253 +2.304729208812194 +0.000004692696969 +1.030056374500124 +0.000000000000000 +2.304720379499614 +0.000000000000000 +1.030056374500124 +0.000000000000000 +2.304720379499614 +0.000000000000000
  5   4 +0.799950000000000 +0.696240000000000 +0.060000000000000 +0.006095318530787 +1000.000000000000000 +1.030074765758691 +0.000000069358425 +2.304713383865289 +0.000004692685038 +1.030074635260346 +0.000000000000000 +2.304704554546701 +0.000000000000000 +1.030074635260346 +0.000000000000000 +2.304704554546701 +0.000000000000000
  5   5 +0.799950000000000 +0.696250000000000 +0.060000000000000 +0.005016389451828 +1000.000000000000000 +1.030074765758854 +0.000000069358118 +2.304713383876344 +0.000004692664238 +1.030074635260346 +0.000000000000000 +2.304704554546701 +0.000000000000000 +1.030074635260346 +0.000000000000000 +2.304704554546701 +0.000000000000000
  5   6 +0.799950000000000 +0.696260000000000 +0.060000000000000 +0.004953836751014 +1000.000000000000000 +1.030074765759018 +0.000000069357810 +2.304713383887398 +0.000004692643439 +1.030074635260346 +0.000000000000000 +2.304704554546701 +0.000000000000000 +1.030074635260346 +0.000000000000000 +2.304704554546701 +0.000000000000000
  5   7 +0.799950000000000 +0.696270000000000 +0.060000000000000 +0.005978902736461 +1000.000000000000000 +1.030074765759181 +0.000000069357503 +2.304713383898453 +0.000004692622640 +1.030074635260346 +0.000000000000000 +2.304704554546701 +0.000000000000000 +1.030074635260346 +0.000000000000000 +2.304704554546701 +0.000000000000000
  6   6 +0.799960000000000 +0.696260000000000 +0.060000000000000 +0.005209615804981 +1000.000000000000000 +1.030093026940985 +0.000000069366368 +2.304697558542757 +0.000004692589907 +1.030092896424307 +0.000000000000000 +2.304688729173942 +0.000000000000000 +1.030092896424307 +0.000000000000000 +2.304688729173942 +0.000000000000000
  6   7 +0.799960000000000 +0.696270000000000 +0.060000000000000 +0.003902515278768 +1000.000000000000000 +1.030093026941149 +0.000000069366060 +2.304697558553812 +0.000004692569107 +1.030092896424307 +0.000000000000000 +2.304688729173942 +0.000000000000000 +1.030092896424307 +0.000000000000000 +2.304688729173942 +0.000000000000000
  6   8 +0.799960000000000 +0.696280000000000 +0.060000000000000 +0.005705879699015 +1000.000000000000000 +1.030093026941312 +0.000000069365753 +2.304697558564866 +0.000004692548308 +1.030092896424307 +0.000000000000000 +2.304688729173942 +0.000000000000000 +1.030092896424307 +0.000000000000000 +2.304688729173942 +0.000000000000000
  7   7 +0.799970000000000 +0.696270000000000 +0.060000000000000 +0.005435439494733 +1000.000000000000000 +1.030111288527775 +0.000000069374618 +2.304681732789971 +0.000004692515572 +1.030111157992927 +0.000000000000000 +2.304672903381983 +0.000000000000000 +1.030111157992927 +0.000000000000000 +2.304672903381983 +0.000000000000000
  7   8 +0.799970000000000 +0.696280000000000 +0.060000000000000 +0.000440444249036 +1000.000000000000000 +1.030111288527939 +0.000000069374310 +2.304681732801026 +0.000004692494772 +1.030111157992927 +0.000000000000000 +2.304672903381983 +0.000000000000000 +1.030111157992927 +0.000000000000000 +2.304672903381983 +0.000000000000000
  7   9 +0.799970000000000 +0.696290000000000 +0.060000000000000 +0.005440393746037 +1000.000000000000000 +1.030111288528102 +0.000000069374003 +2.304681732812079 +0.000004692473973 +1.030111157992927 +0.000000000000000 +2.304672903381983 +0.000000000000000 +1.030111157992927 +0.000000000000000 +2.304672903381983 +0.000000000000000
  8   8 +0.799980000000000 +0.696280000000000 +0.060000000000000 +0.005701132294207 +1000.000000000000000 +1.030129550519219 +0.000000069382868 +2.304665906617317 +0.000004692441234 +1.030129419966199 +0.000000000000000 +2.304657077170154 +0.000000000000000 +1.030129419966199 +0.000000000000000 +2.304657077170154 +0.000000000000000
  8   9 +0.799980000000000 +0.696290000000000 +0.060000000000000 +0.003882657099010 +1000.000000000000000 +1.030129550519382 +0.000000069382561 +2.304665906628371 +0.000004692420435 +1.030129419966199 +0.000000000000000 +2.304657077170154 +0.000000000000000 +1.030129419966199 +0.000000000000000 +2.304657077170154 +0.000000000000000
  8  10 +0.799980000000000 +0.696300000000000 +0.060000000000000 +0.005212205604837 +1000.000000000000000 +1.030129550519545 +0.000000069382253 +2.304665906639424 +0.000004692399635 +1.030129419966199 +0.000000000000000 +2.304657077170154 +0.000000000000000 +1.030129419966199 +0.000000000000000 +2.304657077170154 +0.000000000000000
  9   9 +0.799990000000000 +0.696290000000000 +0.060000000000000 +0.005972565549699 +1000.000000000000000 +1.030147812916106 +0.000000069391119 +2.304650080025672 +0.000004692366893 +1.030147682344914 +0.000000000000000 +2.304641250539335 +0.000000000000000 +1.030147682344914 +0.000000000000000 +2.304641250539335 +0.000000000000000
  9  10 +0.799990000000000 +0.696300000000000 +0.060000000000000 +0.004948199996669 +1000.000000000000000 +1.030147812916269 +0.000000069390812 +2.304650080036726 +0.000004692346094 +1.030147682344914 +0.000000000000000 +2.304641250539335 +0.000000000000000 +1.030147682344914 +0.000000000000000 +2.304641250539335 +0.000000000000000
  9  11 +0.799990000000000 +0.696310000000000 +0.060000000000000 +0.005017739684775 +1000.000000000000000 +1.030147812916433 +0.000000069390504 +2.304650080047780 +0.000004692325294 +1.030147682344914 +0.000000000000000 +2.304641250539335 +0.000000000000000 +1.030147682344914 +0.000000000000000 +2.304641250539335 +0.000000000000000
  9  12 +0.799990000000000 +0.696320000000000 +0.060000000000000 +0.006104903956606 +1000.000000000000000 +1.030147812916596 +0.000000069390196 +2.304650080058833 +0.000004692304495 +1.030147682344914 +0.000000000000000 +2.304641250539335 +0.000000000000000 +1.030147682344914 +0.000000000000000 +2.304641250539335 +0.000000000000000
 10  10 +0.800000000000000 +0.696300000000000 +0.060000000000000 +0.006233202973788 +1000.000000000000000 +1.030166075719290 +0.000000069399370 +2.304634253014899 +0.000004692292549 +1.030165945129924 +0.000000000000000 +2.304625423489386 +0.000000000000000 +1.030165945129924 +0.000000000000000 +2.304625423489386 +0.000000000000000
 10  11 +0.800000000000000 +0.696310000000000 +0.060000000000000 +0.005114565807271 +1000.000000000000000 +1.030166075719454 +0.000000069399062 +2.304634253025952 +0.000004692271750 +1.030165945129924 +0.000000000000000 +2.304625423489386 +0.000000000000000 +1.030165945129924 +0.000000000000000 +2.304625423489386 +0.000000000000000
 10  12 +0.800000000000000 +0.696320000000000 +0.060000000000000 +0.004682819885279 +1000.000000000000000 +1.030166075719617 +0.000000069398755 +2.304634253037005 +0.000004692250951 +1.030165945129924 +0.000000000000000 +2.304625423489386 +0.000000000000000 +1.030165945129924 +0.000000000000000 +2.304625423489386 +0.000000000000000
 10  13 +0.800000000000000 +0.696330000000000 +0.060000000000000 +0.005821370500659 +1000.000000000000000 +1.030166075719781 +0.000000069398447 +2.304634253048059 +0.000004692230151 +1.030165945129924 +0.000000000000000 +2.304625423489386 +0.000000000000000 +1.030165945129924 +0.000000000000000 +2.304625423489386 +0.000000000000000
 11  12 +0.800010000000000 +0.696320000000000 +0.060000000000000 +0.005330244356246 +1000.000000000000000 +1.030184338929077 +0.000000069407314 +2.304618425596206 +0.000004692197403 +1.030184208321373 +0.000000000000000 +2.304609596020464 +0.000000000000000 +1.030184208321373 +0.000000000000000 +2.304609596020464 +0.000000000000000
 11  13 +0.800010000000000 +0.696330000000000 +0.060000000000000 +0.002455422233570 +1000.000000000000000 +1.030184338929241 +0.000000069407006 +2.304618425607259 +0.000004692176604 +1.030184208321373 +0.000000000000000 +2.304609596020464 +0.000000000000000 +1.030184208321373 +0.000000000000000 +2.304609596020464 +0.000000000000000
 11  14 +0.800010000000000 +0.696340000000000 +0.060000000000000 +0.005549059836241 +1000.000000000000000 +1.030184338929404 +0.000000069406698 +2.304618425618312 +0.000004692155805 +1.030184208321373 +0.000000000000000 +2.304609596020464 +0.000000000000000 +1.030184208321373 +0.000000000000000 +2.304609596020464 +0.000000000000000
 12  13 +0.800020000000000 +0.696330000000000 +0.060000000000000 +0.005576707114401 +1000.000000000000000 +1.030202602545739 +0.000000069415565 +2.304602597747469 +0.000004692123053 +1.030202471919858 +0.000000000000000 +2.304593768132550 +0.000000000000000 +1.030202471919858 +0.000000000000000 +2.304593768132550 +0.000000000000000
 12  14 +0.800020000000000 +0.696340000000000 +0.060000000000000 +0.002798870777932 +1000.000000000000000 +1.030202602545903 +0.000000069415257 +2.304602597758522 +0.000004692102254 +1.030202471919858 +0.000000000000000 +2.304593768132550 +0.000000000000000 +1.030202471919858 +0.000000000000000 +2.304593768132550 +0.000000000000000
 12  15 +0.800020000000000 +0.696350000000000 +0.060000000000000 +0.005307851025406 +1000.000000000000000 +1.030202602546066 +0.000000069414950 +2.304602597769574 +0.000004692081455 +1.030202471919858 +0.000000000000000 +2.304593768132550 +0.000000000000000 +1.030202471919858 +0.000000000000000 +2.304593768132550 +0.000000000000000
 13  14 +0.800030000000000 +0.696340000000000 +0.060000000000000 +0.005847803735345 +1000.000000000000000 +1.030220866570371 +0.000000069423817 +2.304586769480388 +0.000004692048700 +1.030220735926312 +0.000000000000000 +2.304577939826292 +0.000000000000000 +1.030220735926312 +0.000000000000000 +2.304577939826292 +0.000000000000000
 13  15 +0.800030000000000 +0.696350000000000 +0.060000000000000 +0.004850428918753 +1000.000000000000000 +1.030220866570535 +0.000000069423509 +2.304586769491441 +0.000004692027901 +1.030220735926312 +0.000000000000000 +2.304577939826292 +0.000000000000000 +1.030220735926312 +0.000000000000000 +2.304577939826292 +0.000000000000000
 13  16 +0.800030000000000 +0.696360000000000 +0.060000000000000 +0.005092843930503 +1000.000000000000000 +1.030220866570698 +0.000000069423201 +2.304586769502493 +0.000004692007102 +1.030220735926312 +0.000000000000000 +2.304577939826292 +0.000000000000000 +1.030220735926312 +0.000000000000000 +2.304577939826292 +0.000000000000000
 13  17 +0.800030000000000 +0.696370000000000 +0.060000000000000 +0.006235215746690 +1000.000000000000000 +1.030220866570862 +0.000000069422894 +2.304586769513546 +0.000004691986303 +1.030220735926312 +0.000000000000000 +2.304577939826292 +0.000000000000000 +1.030220735926312 +0.000000000000000 +2.304577939826292 +0.000000000000000
 14  15 +0.800040000000000 +0.696350000000000 +0.060000000000000 +0.006120650719204 +1000.000000000000000 +1.030239131003475 +0.000000069432069 +2.304570940794462 +0.000004691974344 +1.030239000341237 +0.000000000000000 +2.304562111101188 +0.000000000000000 +1.030239000341237 +0.000000000000000 +2.304562111101188 +0.000000000000000
 14  16 +0.800040000000000 +0.696360000000000 +0.060000000000000 +0.005031550423348 +1000.000000000000000 +1.030239131003639 +0.000000069431761 +2.304570940805514 +0.000004691953545 +1.030239000341237 +0.000000000000000 +2.304562111101188 +0.000000000000000 +1.030239000341237 +0.000000000000000 +2.304562111101188 +0.000000000000000
 14  17 +0.800040000000000 +0.696370000000000 +0.060000000000000 +0.004932461631234 +1000.000000000000000 +1.030239131003802 +0.000000069431453 +2.304570940816567 +0.000004691932746 +1.030239000341237 +0.000000000000000 +2.304562111101188 +0.000000000000000 +1.030239000341237 +0.000000000000000 +2.304562111101188 +0.000000000000000
 14  18 +0.800040000000000 +0.696380000000000 +0.060000000000000 +0.005939282882610 +1000.000000000000000 +1.030239131003966 +0.000000069431145 +2.304570940827619 +0.000004691911947 +1.030239000341237 +0.000000000000000 +2.304562111101188 +0.000000000000000 +1.030239000341237 +0.000000000000000 +2.304562111101188 +0.000000000000000
 15  17 +0.800050000000000 +0.696370000000000 +0.060000000000000 +0.005231278811413 +1000.000000000000000 +1.030257395845527 +0.000000069440013 +2.304555111701249 +0.000004691879186 +1.030257265164944 +0.000000000000000 +2.304546281957744 +0.000000000000000 +1.030257265164944 +0.000000000000000 +2.304546281957744 +0.000000000000000
 15  18 +0.800050000000000 +0.696380000000000 +0.060000000000000 +0.003631788272794 +1000.000000000000000 +1.030257395845690 +0.000000069439705 +2.304555111712301 +0.000004691858387 +1.030257265164944 +0.000000000000000 +2.304546281957744 +0.000000000000000 +1.030257265164944 +0.000000000000000 +2.304546281957744 +0.000000000000000
 15  19 +0.800050000000000 +0.696390000000000 +0.060000000000000 +0.005664563608429 +1000.000000000000000 +1.030257395845854 +0.000000069439397 +2.304555111723353 +0.000004691837588 +1.030257265164944 +0.000000000000000 +2.304546281957744 +0.000000000000000 +1.030257265164944 +0.000000000000000 +2.304546281957744 +0.000000000000000
 16  18 +0.800060000000000 +0.696380000000000 +0.060000000000000 +0.005461225542388 +1000.000000000000000 +1.030275661097021 +0.000000069448265 +2.304539282178715 +0.000004691804824 +1.030275530398257 +0.000000000000000 +2.304530452396030 +0.000000000000000 +1.030275530398257 +0.000000000000000 +2.304530452396030 +0.000000000000000
 16  19 +0.800060000000000 +0.696390000000000 +0.060000000000000 +0.001003374535257 +1000.000000000000000 +1.030275661097185 +0.000000069447958 +2.304539282189767 +0.000004691784025 +1.030275530398257 +0.000000000000000 +2.304530452396030 +0.000000000000000 +1.030275530398257 +0.000000000000000 +2.304530452396030 +0.000000000000000
 16  20 +0.800060000000000 +0.696400000000000 +0.060000000000000 +0.005405231780515 +1000.000000000000000 +1.030275661097348 +0.000000069447650 +2.304539282200818 +0.000004691763226 +1.030275530398257 +0.000000000000000 +2.304530452396030 +0.000000000000000 +1.030275530398257 +0.000000000000000 +2.304530452396030 +0.000000000000000
 17  19 +0.800070000000000 +0.696390000000000 +0.060000000000000 +0.005730505065139 +1000.000000000000000 +1.030293926758300 +0.000000069456518 +2.304523452238138 +0.000004691730458 +1.030293796041353 +0.000000000000000 +2.304514622416272 +0.000000000000000 +1.030293796041353 +0.000000000000000 +2.304514622416272 +0.000000000000000
 17  20 +0.800070000000000 +0.696400000000000 +0.060000000000000 +0.004131911209632 +1000.000000000000000 +1.030293926758464 +0.000000069456210 +2.304523452249189 +0.000004691709659 +1.030293796041353 +0.000000000000000 +2.304514622416272 +0.000000000000000 +1.030293796041353 +0.000000000000000 +2.304514622416272 +0.000000000000000
 18  20 +0.800080000000000 +0.696400000000000 +0.060000000000000 +0.006004399990315 +1000.000000000000000 +1.030312192830425 +0.000000069464771 +2.304507621879646 +0.000004691656090 +1.030312062095294 +0.000000000000000 +2.304498792018600 +0.000000000000000 +1.030312062095294 +0.000000000000000 +2.304498792018600 +0.000000000000000
