# i   j  Gamma              Lambda             paramK             distTrajToEq       integrationTime      startPtfi1         startPtV1          startPtfi2         startPtV2          sadfocPtfi1        sadfocPtV1         sadfocPtfi2        sadfocPtV2         saddlePtfi1        saddlePtV1         saddlePtfi2        saddlePtV2
# 0   1  2                  3                  4                  5                  6                    7                  8                  9                  10                 11                 12                 13                 14                 15                 16                 17                 18
  0   2 +0.499999000000000 +0.409672400000000 +0.000000000000000 +0.000094022830364 +100.000000000000000 +0.523597586455120 +0.000000000000000 +2.618003034392403 +0.000005989979711 +0.523597586455120 +0.000000000000000 +2.617995026886982 +0.000000000000000 +0.523597586455120 +0.000000000000000 +2.617995026886982 +0.000000000000000
  1   3 +0.499999200000000 +0.409672600000000 +0.000000000000000 +0.000061474350332 +100.000000000000000 +0.523597817395642 +0.000000000000000 +2.618002803452772 +0.000005989978997 +0.523597817395642 +0.000000000000000 +2.617994795946817 +0.000000000000000 +0.523597817395642 +0.000000000000000 +2.617994795946817 +0.000000000000000
  2   4 +0.499999400000000 +0.409672800000000 +0.000000000000000 +0.000005249366511 +100.000000000000000 +0.523598048336120 +0.000000000000000 +2.618002572513200 +0.000005989978282 +0.523598048336120 +0.000000000000000 +2.617994565006710 +0.000000000000000 +0.523598048336120 +0.000000000000000 +2.617994565006710 +0.000000000000000
  3   5 +0.499999600000000 +0.409673000000000 +0.000000000000000 +0.000067147990757 +100.000000000000000 +0.523598279276526 +0.000000000000000 +2.618002341573648 +0.000005989977568 +0.523598279276526 +0.000000000000000 +2.617994334066625 +0.000000000000000 +0.523598279276526 +0.000000000000000 +2.617994334066625 +0.000000000000000
  4   6 +0.499999800000000 +0.409673200000000 +0.000000000000000 +0.000102033246270 +100.000000000000000 +0.523598510217136 +0.000000000000000 +2.618002110634057 +0.000005989976854 +0.523598510217136 +0.000000000000000 +2.617994103126500 +0.000000000000000 +0.523598510217136 +0.000000000000000 +2.617994103126500 +0.000000000000000
  5   6 +0.500000000000000 +0.409673200000000 +0.000000000000000 +0.000196185820273 +100.000000000000000 +0.523598741157711 +0.000000000000000 +2.618001879694003 +0.000005989976543 +0.523598741157711 +0.000000000000000 +2.617993872186213 +0.000000000000000 +0.523598741157711 +0.000000000000000 +2.617993872186213 +0.000000000000000
  5   7 +0.500000000000000 +0.409673400000000 +0.000000000000000 +0.000129934761197 +100.000000000000000 +0.523598741157711 +0.000000000000000 +2.618001879694305 +0.000005989976140 +0.523598741157711 +0.000000000000000 +2.617993872186213 +0.000000000000000 +0.523598741157711 +0.000000000000000 +2.617993872186213 +0.000000000000000
  6   7 +0.500000200000000 +0.409673400000000 +0.000000000000000 +0.000177759541563 +100.000000000000000 +0.523598972098277 +0.000000000000000 +2.618001648754311 +0.000005989975829 +0.523598972098277 +0.000000000000000 +2.617993641245986 +0.000000000000000 +0.523598972098277 +0.000000000000000 +2.617993641245986 +0.000000000000000
  6   8 +0.500000200000000 +0.409673600000000 +0.000000000000000 +0.000154629808968 +100.000000000000000 +0.523598972098277 +0.000000000000000 +2.618001648754612 +0.000005989975426 +0.523598972098277 +0.000000000000000 +2.617993641245986 +0.000000000000000 +0.523598972098277 +0.000000000000000 +2.617993641245986 +0.000000000000000
  7   8 +0.500000400000000 +0.409673600000000 +0.000000000000000 +0.000158268367094 +100.000000000000000 +0.523599203038852 +0.000000000000000 +2.618001417814633 +0.000005989975115 +0.523599203038852 +0.000000000000000 +2.617993410305774 +0.000000000000000 +0.523599203038852 +0.000000000000000 +2.617993410305774 +0.000000000000000
  7   9 +0.500000400000000 +0.409673800000000 +0.000000000000000 +0.000177387967911 +100.000000000000000 +0.523599203038852 +0.000000000000000 +2.618001417814934 +0.000005989974712 +0.523599203038852 +0.000000000000000 +2.617993410305774 +0.000000000000000 +0.523599203038852 +0.000000000000000 +2.617993410305774 +0.000000000000000
  8   9 +0.500000600000000 +0.409673800000000 +0.000000000000000 +0.000136389299810 +100.000000000000000 +0.523599433979456 +0.000000000000000 +2.618001186874880 +0.000005989974401 +0.523599433979456 +0.000000000000000 +2.617993179365488 +0.000000000000000 +0.523599433979456 +0.000000000000000 +2.617993179365488 +0.000000000000000
  8  10 +0.500000600000000 +0.409674000000000 +0.000000000000000 +0.000197661224766 +100.000000000000000 +0.523599433979456 +0.000000000000000 +2.618001186875182 +0.000005989973998 +0.523599433979456 +0.000000000000000 +2.617993179365488 +0.000000000000000 +0.523599433979456 +0.000000000000000 +2.617993179365488 +0.000000000000000
  9  10 +0.500000800000000 +0.409674000000000 +0.000000000000000 +0.000112341388865 +100.000000000000000 +0.523599664920105 +0.000000000000000 +2.618000955935096 +0.000005989973686 +0.523599664920105 +0.000000000000000 +2.617992948425169 +0.000000000000000 +0.523599664920105 +0.000000000000000 +2.617992948425169 +0.000000000000000
