# i   j  Gamma              Lambda             paramK             distTrajToEq       integrationTime      startPtfi1         startPtV1          startPtfi2         startPtV2          sadfocPtfi1        sadfocPtV1         sadfocPtfi2        sadfocPtV2         saddlePtfi1        saddlePtV1         saddlePtfi2        saddlePtV2
# 0   1  2                  3                  4                  5                  6                    7                  8                  9                  10                 11                 12                 13                 14                 15                 16                 17                 18
  0   0 +0.499999000000000 +0.409672000000000 +0.000000000000000 +0.000398051630343 +100.000000000000000 +0.523597586455120 +0.000000000000000 +2.618003034391800 +0.000005989980517 +0.523597586455120 +0.000000000000000 +2.617995026886982 +0.000000000000000 +0.523597586455120 +0.000000000000000 +2.617995026886982 +0.000000000000000
  0   1 +0.499999000000000 +0.409672200000000 +0.000000000000000 +0.000275674949115 +100.000000000000000 +0.523597586455120 +0.000000000000000 +2.618003034392101 +0.000005989980114 +0.523597586455120 +0.000000000000000 +2.617995026886982 +0.000000000000000 +0.523597586455120 +0.000000000000000 +2.617995026886982 +0.000000000000000
  0   2 +0.499999000000000 +0.409672400000000 +0.000000000000000 +0.000094022830364 +100.000000000000000 +0.523597586455120 +0.000000000000000 +2.618003034392403 +0.000005989979711 +0.523597586455120 +0.000000000000000 +2.617995026886982 +0.000000000000000 +0.523597586455120 +0.000000000000000 +2.617995026886982 +0.000000000000000
  0   3 +0.499999000000000 +0.409672600000000 +0.000000000000000 +0.000229369367002 +100.000000000000000 +0.523597586455120 +0.000000000000000 +2.618003034392705 +0.000005989979308 +0.523597586455120 +0.000000000000000 +2.617995026886982 +0.000000000000000 +0.523597586455120 +0.000000000000000 +2.617995026886982 +0.000000000000000
  0   4 +0.499999000000000 +0.409672800000000 +0.000000000000000 +0.000376793785996 +100.000000000000000 +0.523597586455120 +0.000000000000000 +2.618003034393006 +0.000005989978905 +0.523597586455120 +0.000000000000000 +2.617995026886982 +0.000000000000000 +0.523597586455120 +0.000000000000000 +2.617995026886982 +0.000000000000000
  0   5 +0.499999000000000 +0.409673000000000 +0.000000000000000 +0.000492624703349 +100.000000000000000 +0.523597586455120 +0.000000000000000 +2.618003034393307 +0.000005989978502 +0.523597586455120 +0.000000000000000 +2.617995026886982 +0.000000000000000 +0.523597586455120 +0.000000000000000 +2.617995026886982 +0.000000000000000
  1   0 +0.499999200000000 +0.409672000000000 +0.000000000000000 +0.000489576550132 +100.000000000000000 +0.523597817395642 +0.000000000000000 +2.618002803451867 +0.000005989980206 +0.523597817395642 +0.000000000000000 +2.617994795946817 +0.000000000000000 +0.523597817395642 +0.000000000000000 +2.617994795946817 +0.000000000000000
  1   1 +0.499999200000000 +0.409672200000000 +0.000000000000000 +0.000386671612010 +100.000000000000000 +0.523597817395642 +0.000000000000000 +2.618002803452169 +0.000005989979803 +0.523597817395642 +0.000000000000000 +2.617994795946817 +0.000000000000000 +0.523597817395642 +0.000000000000000 +2.617994795946817 +0.000000000000000
  1   2 +0.499999200000000 +0.409672400000000 +0.000000000000000 +0.000261079824256 +100.000000000000000 +0.523597817395642 +0.000000000000000 +2.618002803452470 +0.000005989979400 +0.523597817395642 +0.000000000000000 +2.617994795946817 +0.000000000000000 +0.523597817395642 +0.000000000000000 +2.617994795946817 +0.000000000000000
  1   3 +0.499999200000000 +0.409672600000000 +0.000000000000000 +0.000061474350332 +100.000000000000000 +0.523597817395642 +0.000000000000000 +2.618002803452772 +0.000005989978997 +0.523597817395642 +0.000000000000000 +2.617994795946817 +0.000000000000000 +0.523597817395642 +0.000000000000000 +2.617994795946817 +0.000000000000000
  1   4 +0.499999200000000 +0.409672800000000 +0.000000000000000 +0.000247491915782 +100.000000000000000 +0.523597817395642 +0.000000000000000 +2.618002803453074 +0.000005989978594 +0.523597817395642 +0.000000000000000 +2.617994795946817 +0.000000000000000 +0.523597817395642 +0.000000000000000 +2.617994795946817 +0.000000000000000
  1   5 +0.499999200000000 +0.409673000000000 +0.000000000000000 +0.000389766783372 +100.000000000000000 +0.523597817395642 +0.000000000000000 +2.618002803453375 +0.000005989978191 +0.523597817395642 +0.000000000000000 +2.617994795946817 +0.000000000000000 +0.523597817395642 +0.000000000000000 +2.617994795946817 +0.000000000000000
  2   1 +0.499999400000000 +0.409672200000000 +0.000000000000000 +0.000479688823156 +100.000000000000000 +0.523598048336120 +0.000000000000000 +2.618002572512295 +0.000005989979492 +0.523598048336120 +0.000000000000000 +2.617994565006710 +0.000000000000000 +0.523598048336120 +0.000000000000000 +2.617994565006710 +0.000000000000000
  2   2 +0.499999400000000 +0.409672400000000 +0.000000000000000 +0.000374850094893 +100.000000000000000 +0.523598048336120 +0.000000000000000 +2.618002572512597 +0.000005989979089 +0.523598048336120 +0.000000000000000 +2.617994565006710 +0.000000000000000 +0.523598048336120 +0.000000000000000 +2.617994565006710 +0.000000000000000
  2   3 +0.499999400000000 +0.409672600000000 +0.000000000000000 +0.000245984005383 +100.000000000000000 +0.523598048336120 +0.000000000000000 +2.618002572512898 +0.000005989978686 +0.523598048336120 +0.000000000000000 +2.617994565006710 +0.000000000000000 +0.523598048336120 +0.000000000000000 +2.617994565006710 +0.000000000000000
  2   4 +0.499999400000000 +0.409672800000000 +0.000000000000000 +0.000005249366511 +100.000000000000000 +0.523598048336120 +0.000000000000000 +2.618002572513200 +0.000005989978282 +0.523598048336120 +0.000000000000000 +2.617994565006710 +0.000000000000000 +0.523598048336120 +0.000000000000000 +2.617994565006710 +0.000000000000000
  2   5 +0.499999400000000 +0.409673000000000 +0.000000000000000 +0.000263865089337 +100.000000000000000 +0.523598048336120 +0.000000000000000 +2.618002572513501 +0.000005989977879 +0.523598048336120 +0.000000000000000 +2.617994565006710 +0.000000000000000 +0.523598048336120 +0.000000000000000 +2.617994565006710 +0.000000000000000
  2   6 +0.499999400000000 +0.409673200000000 +0.000000000000000 +0.000401942244707 +100.000000000000000 +0.523598048336120 +0.000000000000000 +2.618002572513802 +0.000005989977476 +0.523598048336120 +0.000000000000000 +2.617994565006710 +0.000000000000000 +0.523598048336120 +0.000000000000000 +2.617994565006710 +0.000000000000000
  3   2 +0.499999600000000 +0.409672400000000 +0.000000000000000 +0.000469515910361 +100.000000000000000 +0.523598279276526 +0.000000000000000 +2.618002341572744 +0.000005989978778 +0.523598279276526 +0.000000000000000 +2.617994334066625 +0.000000000000000 +0.523598279276526 +0.000000000000000 +2.617994334066625 +0.000000000000000
  3   3 +0.499999600000000 +0.409672600000000 +0.000000000000000 +0.000363001372782 +100.000000000000000 +0.523598279276526 +0.000000000000000 +2.618002341573045 +0.000005989978374 +0.523598279276526 +0.000000000000000 +2.617994334066625 +0.000000000000000 +0.523598279276526 +0.000000000000000 +2.617994334066625 +0.000000000000000
  3   4 +0.499999600000000 +0.409672800000000 +0.000000000000000 +0.000230119233940 +100.000000000000000 +0.523598279276526 +0.000000000000000 +2.618002341573347 +0.000005989977971 +0.523598279276526 +0.000000000000000 +2.617994334066625 +0.000000000000000 +0.523598279276526 +0.000000000000000 +2.617994334066625 +0.000000000000000
  3   5 +0.499999600000000 +0.409673000000000 +0.000000000000000 +0.000067147990757 +100.000000000000000 +0.523598279276526 +0.000000000000000 +2.618002341573648 +0.000005989977568 +0.523598279276526 +0.000000000000000 +2.617994334066625 +0.000000000000000 +0.523598279276526 +0.000000000000000 +2.617994334066625 +0.000000000000000
  3   6 +0.499999600000000 +0.409673200000000 +0.000000000000000 +0.000280779593718 +100.000000000000000 +0.523598279276526 +0.000000000000000 +2.618002341573949 +0.000005989977165 +0.523598279276526 +0.000000000000000 +2.617994334066625 +0.000000000000000 +0.523598279276526 +0.000000000000000 +2.617994334066625 +0.000000000000000
  3   7 +0.499999600000000 +0.409673400000000 +0.000000000000000 +0.000414327917967 +100.000000000000000 +0.523598279276526 +0.000000000000000 +2.618002341574251 +0.000005989976762 +0.523598279276526 +0.000000000000000 +2.617994334066625 +0.000000000000000 +0.523598279276526 +0.000000000000000 +2.617994334066625 +0.000000000000000
  4   3 +0.499999800000000 +0.409672600000000 +0.000000000000000 +0.000459297638712 +100.000000000000000 +0.523598510217136 +0.000000000000000 +2.618002110633153 +0.000005989978063 +0.523598510217136 +0.000000000000000 +2.617994103126500 +0.000000000000000 +0.523598510217136 +0.000000000000000 +2.617994103126500 +0.000000000000000
  4   4 +0.499999800000000 +0.409672800000000 +0.000000000000000 +0.000351219173244 +100.000000000000000 +0.523598510217136 +0.000000000000000 +2.618002110633455 +0.000005989977660 +0.523598510217136 +0.000000000000000 +2.617994103126500 +0.000000000000000 +0.523598510217136 +0.000000000000000 +2.617994103126500 +0.000000000000000
  4   5 +0.499999800000000 +0.409673000000000 +0.000000000000000 +0.000213638131842 +100.000000000000000 +0.523598510217136 +0.000000000000000 +2.618002110633756 +0.000005989977257 +0.523598510217136 +0.000000000000000 +2.617994103126500 +0.000000000000000 +0.523598510217136 +0.000000000000000 +2.617994103126500 +0.000000000000000
  4   6 +0.499999800000000 +0.409673200000000 +0.000000000000000 +0.000102033246270 +100.000000000000000 +0.523598510217136 +0.000000000000000 +2.618002110634057 +0.000005989976854 +0.523598510217136 +0.000000000000000 +2.617994103126500 +0.000000000000000 +0.523598510217136 +0.000000000000000 +2.617994103126500 +0.000000000000000
  4   7 +0.499999800000000 +0.409673400000000 +0.000000000000000 +0.000295912024043 +100.000000000000000 +0.523598510217136 +0.000000000000000 +2.618002110634359 +0.000005989976451 +0.523598510217136 +0.000000000000000 +2.617994103126500 +0.000000000000000 +0.523598510217136 +0.000000000000000 +2.617994103126500 +0.000000000000000
  4   8 +0.499999800000000 +0.409673600000000 +0.000000000000000 +0.000426904514491 +100.000000000000000 +0.523598510217136 +0.000000000000000 +2.618002110634660 +0.000005989976048 +0.523598510217136 +0.000000000000000 +2.617994103126500 +0.000000000000000 +0.523598510217136 +0.000000000000000 +2.617994103126500 +0.000000000000000
  5   4 +0.500000000000000 +0.409672800000000 +0.000000000000000 +0.000449255951198 +100.000000000000000 +0.523598741157711 +0.000000000000000 +2.618001879693400 +0.000005989977349 +0.523598741157711 +0.000000000000000 +2.617993872186213 +0.000000000000000 +0.523598741157711 +0.000000000000000 +2.617993872186213 +0.000000000000000
  5   5 +0.500000000000000 +0.409673000000000 +0.000000000000000 +0.000338961977095 +100.000000000000000 +0.523598741157711 +0.000000000000000 +2.618001879693702 +0.000005989976946 +0.523598741157711 +0.000000000000000 +2.617993872186213 +0.000000000000000 +0.523598741157711 +0.000000000000000 +2.617993872186213 +0.000000000000000
  5   6 +0.500000000000000 +0.409673200000000 +0.000000000000000 +0.000196185820273 +100.000000000000000 +0.523598741157711 +0.000000000000000 +2.618001879694003 +0.000005989976543 +0.523598741157711 +0.000000000000000 +2.617993872186213 +0.000000000000000 +0.523598741157711 +0.000000000000000 +2.617993872186213 +0.000000000000000
  5   7 +0.500000000000000 +0.409673400000000 +0.000000000000000 +0.000129934761197 +100.000000000000000 +0.523598741157711 +0.000000000000000 +2.618001879694305 +0.000005989976140 +0.523598741157711 +0.000000000000000 +2.617993872186213 +0.000000000000000 +0.523598741157711 +0.000000000000000 +2.617993872186213 +0.000000000000000
  5   8 +0.500000000000000 +0.409673600000000 +0.000000000000000 +0.000310881018066 +100.000000000000000 +0.523598741157711 +0.000000000000000 +2.618001879694606 +0.000005989975737 +0.523598741157711 +0.000000000000000 +2.617993872186213 +0.000000000000000 +0.523598741157711 +0.000000000000000 +2.617993872186213 +0.000000000000000
  5   9 +0.500000000000000 +0.409673800000000 +0.000000000000000 +0.000439654686145 +100.000000000000000 +0.523598741157711 +0.000000000000000 +2.618001879694908 +0.000005989975334 +0.523598741157711 +0.000000000000000 +2.617993872186213 +0.000000000000000 +0.523598741157711 +0.000000000000000 +2.617993872186213 +0.000000000000000
  6   5 +0.500000200000000 +0.409673000000000 +0.000000000000000 +0.000438307895955 +100.000000000000000 +0.523598972098277 +0.000000000000000 +2.618001648753708 +0.000005989976635 +0.523598972098277 +0.000000000000000 +2.617993641245986 +0.000000000000000 +0.523598972098277 +0.000000000000000 +2.617993641245986 +0.000000000000000
  6   6 +0.500000200000000 +0.409673200000000 +0.000000000000000 +0.000325616555451 +100.000000000000000 +0.523598972098277 +0.000000000000000 +2.618001648754010 +0.000005989976232 +0.523598972098277 +0.000000000000000 +2.617993641245986 +0.000000000000000 +0.523598972098277 +0.000000000000000 +2.617993641245986 +0.000000000000000
  6   7 +0.500000200000000 +0.409673400000000 +0.000000000000000 +0.000177759541563 +100.000000000000000 +0.523598972098277 +0.000000000000000 +2.618001648754311 +0.000005989975829 +0.523598972098277 +0.000000000000000 +2.617993641245986 +0.000000000000000 +0.523598972098277 +0.000000000000000 +2.617993641245986 +0.000000000000000
  6   8 +0.500000200000000 +0.409673600000000 +0.000000000000000 +0.000154629808968 +100.000000000000000 +0.523598972098277 +0.000000000000000 +2.618001648754612 +0.000005989975426 +0.523598972098277 +0.000000000000000 +2.617993641245986 +0.000000000000000 +0.523598972098277 +0.000000000000000 +2.617993641245986 +0.000000000000000
  6   9 +0.500000200000000 +0.409673800000000 +0.000000000000000 +0.000326217542379 +100.000000000000000 +0.523598972098277 +0.000000000000000 +2.618001648754914 +0.000005989975023 +0.523598972098277 +0.000000000000000 +2.617993641245986 +0.000000000000000 +0.523598972098277 +0.000000000000000 +2.617993641245986 +0.000000000000000
  6  10 +0.500000200000000 +0.409674000000000 +0.000000000000000 +0.000451025044348 +100.000000000000000 +0.523598972098277 +0.000000000000000 +2.618001648755215 +0.000005989974620 +0.523598972098277 +0.000000000000000 +2.617993641245986 +0.000000000000000 +0.523598972098277 +0.000000000000000 +2.617993641245986 +0.000000000000000
  7   6 +0.500000400000000 +0.409673200000000 +0.000000000000000 +0.000427540473778 +100.000000000000000 +0.523599203038852 +0.000000000000000 +2.618001417814030 +0.000005989975921 +0.523599203038852 +0.000000000000000 +2.617993410305774 +0.000000000000000 +0.523599203038852 +0.000000000000000 +2.617993410305774 +0.000000000000000
  7   7 +0.500000400000000 +0.409673400000000 +0.000000000000000 +0.000312545784798 +100.000000000000000 +0.523599203038852 +0.000000000000000 +2.618001417814332 +0.000005989975518 +0.523599203038852 +0.000000000000000 +2.617993410305774 +0.000000000000000 +0.523599203038852 +0.000000000000000 +2.617993410305774 +0.000000000000000
  7   8 +0.500000400000000 +0.409673600000000 +0.000000000000000 +0.000158268367094 +100.000000000000000 +0.523599203038852 +0.000000000000000 +2.618001417814633 +0.000005989975115 +0.523599203038852 +0.000000000000000 +2.617993410305774 +0.000000000000000 +0.523599203038852 +0.000000000000000 +2.617993410305774 +0.000000000000000
  7   9 +0.500000400000000 +0.409673800000000 +0.000000000000000 +0.000177387967911 +100.000000000000000 +0.523599203038852 +0.000000000000000 +2.618001417814934 +0.000005989974712 +0.523599203038852 +0.000000000000000 +2.617993410305774 +0.000000000000000 +0.523599203038852 +0.000000000000000 +2.617993410305774 +0.000000000000000
  7  10 +0.500000400000000 +0.409674000000000 +0.000000000000000 +0.000340127454493 +100.000000000000000 +0.523599203038852 +0.000000000000000 +2.618001417815236 +0.000005989974309 +0.523599203038852 +0.000000000000000 +2.617993410305774 +0.000000000000000 +0.523599203038852 +0.000000000000000 +2.617993410305774 +0.000000000000000
  8   7 +0.500000600000000 +0.409673400000000 +0.000000000000000 +0.000416743693795 +100.000000000000000 +0.523599433979456 +0.000000000000000 +2.618001186874278 +0.000005989975207 +0.523599433979456 +0.000000000000000 +2.617993179365488 +0.000000000000000 +0.523599433979456 +0.000000000000000 +2.617993179365488 +0.000000000000000
  8   8 +0.500000600000000 +0.409673600000000 +0.000000000000000 +0.000299169389067 +100.000000000000000 +0.523599433979456 +0.000000000000000 +2.618001186874579 +0.000005989974804 +0.523599433979456 +0.000000000000000 +2.617993179365488 +0.000000000000000 +0.523599433979456 +0.000000000000000 +2.617993179365488 +0.000000000000000
  8   9 +0.500000600000000 +0.409673800000000 +0.000000000000000 +0.000136389299810 +100.000000000000000 +0.523599433979456 +0.000000000000000 +2.618001186874880 +0.000005989974401 +0.523599433979456 +0.000000000000000 +2.617993179365488 +0.000000000000000 +0.523599433979456 +0.000000000000000 +2.617993179365488 +0.000000000000000
  8  10 +0.500000600000000 +0.409674000000000 +0.000000000000000 +0.000197661224766 +100.000000000000000 +0.523599433979456 +0.000000000000000 +2.618001186875182 +0.000005989973998 +0.523599433979456 +0.000000000000000 +2.617993179365488 +0.000000000000000 +0.523599433979456 +0.000000000000000 +2.617993179365488 +0.000000000000000
  9   8 +0.500000800000000 +0.409673600000000 +0.000000000000000 +0.000405796501427 +100.000000000000000 +0.523599664920105 +0.000000000000000 +2.618000955934494 +0.000005989974493 +0.523599664920105 +0.000000000000000 +2.617992948425169 +0.000000000000000 +0.523599664920105 +0.000000000000000 +2.617992948425169 +0.000000000000000
  9   9 +0.500000800000000 +0.409673800000000 +0.000000000000000 +0.000285284993314 +100.000000000000000 +0.523599664920105 +0.000000000000000 +2.618000955934795 +0.000005989974089 +0.523599664920105 +0.000000000000000 +2.617992948425169 +0.000000000000000 +0.523599664920105 +0.000000000000000 +2.617992948425169 +0.000000000000000
  9  10 +0.500000800000000 +0.409674000000000 +0.000000000000000 +0.000112341388865 +100.000000000000000 +0.523599664920105 +0.000000000000000 +2.618000955935096 +0.000005989973686 +0.523599664920105 +0.000000000000000 +2.617992948425169 +0.000000000000000 +0.523599664920105 +0.000000000000000 +2.617992948425169 +0.000000000000000
 10   8 +0.500001000000000 +0.409673600000000 +0.000000000000000 +0.000496339524654 +100.000000000000000 +0.523599895860862 +0.000000000000000 +2.618000724994328 +0.000005989974181 +0.523599895860862 +0.000000000000000 +2.617992717484771 +0.000000000000000 +0.523599895860862 +0.000000000000000 +2.617992717484771 +0.000000000000000
 10   9 +0.500001000000000 +0.409673800000000 +0.000000000000000 +0.000394861246080 +100.000000000000000 +0.523599895860862 +0.000000000000000 +2.618000724994630 +0.000005989973778 +0.523599895860862 +0.000000000000000 +2.617992717484771 +0.000000000000000 +0.523599895860862 +0.000000000000000 +2.617992717484771 +0.000000000000000
 10  10 +0.500001000000000 +0.409674000000000 +0.000000000000000 +0.000271010319228 +100.000000000000000 +0.523599895860862 +0.000000000000000 +2.618000724994931 +0.000005989973375 +0.523599895860862 +0.000000000000000 +2.617992717484771 +0.000000000000000 +0.523599895860862 +0.000000000000000 +2.617992717484771 +0.000000000000000
