# i   j  Gamma              Lambda             paramK             distTrajToEq       integrationTime      startPtfi1         startPtV1          startPtfi2         startPtV2          sadfocPtfi1        sadfocPtV1         sadfocPtfi2        sadfocPtV2         saddlePtfi1        saddlePtV1         saddlePtfi2        saddlePtV2
# 0   1  2                  3                  4                  5                  6                    7                  8                  9                  10                 11                 12                 13                 14                 15                 16                 17                 18
  1   0 +0.499999999999200 +0.396083725400000 +0.060000000000000 +0.000804824180253 +100.000000000000000 +0.584789892907680 -0.000000106655802 +2.677100162587053 +0.000006167131095 +0.584790029012958 +0.000000000000000 +2.677092292606497 +0.000000000000000 +0.584790029012958 +0.000000000000000 +2.677092292606497 +0.000000000000000
  1   1 +0.499999999999200 +0.396083725400100 +0.060000000000000 +0.000957562390757 +100.000000000000000 +0.584789892907680 -0.000000106655802 +2.677100162587053 +0.000006167131095 +0.584790029012958 +0.000000000000000 +2.677092292606497 +0.000000000000000 +0.584790029012958 +0.000000000000000 +2.677092292606497 +0.000000000000000
  2   0 +0.499999999999400 +0.396083725400000 +0.060000000000000 +0.000533754513308 +100.000000000000000 +0.584789892907886 -0.000000106655802 +2.677100162586824 +0.000006167131095 +0.584790029013163 +0.000000000000000 +2.677092292606268 +0.000000000000000 +0.584790029013163 +0.000000000000000 +2.677092292606268 +0.000000000000000
  2   1 +0.499999999999400 +0.396083725400100 +0.060000000000000 +0.000654233356656 +100.000000000000000 +0.584789892907886 -0.000000106655802 +2.677100162586824 +0.000006167131095 +0.584790029013163 +0.000000000000000 +2.677092292606268 +0.000000000000000 +0.584790029013163 +0.000000000000000 +2.677092292606268 +0.000000000000000
  2   2 +0.499999999999400 +0.396083725400200 +0.060000000000000 +0.000850650414818 +100.000000000000000 +0.584789892907886 -0.000000106655802 +2.677100162586824 +0.000006167131095 +0.584790029013163 +0.000000000000000 +2.677092292606268 +0.000000000000000 +0.584790029013163 +0.000000000000000 +2.677092292606268 +0.000000000000000
  2   3 +0.499999999999400 +0.396083725400300 +0.060000000000000 +0.000990137753922 +100.000000000000000 +0.584789892907886 -0.000000106655802 +2.677100162586824 +0.000006167131095 +0.584790029013163 +0.000000000000000 +2.677092292606268 +0.000000000000000 +0.584790029013163 +0.000000000000000 +2.677092292606268 +0.000000000000000
  3   0 +0.499999999999600 +0.396083725400000 +0.060000000000000 +0.000880010742184 +100.000000000000000 +0.584789892908188 -0.000000106655802 +2.677100162586650 +0.000006167131095 +0.584790029013465 +0.000000000000000 +2.677092292606094 +0.000000000000000 +0.584790029013465 +0.000000000000000 +2.677092292606094 +0.000000000000000
  3   1 +0.499999999999600 +0.396083725400100 +0.060000000000000 +0.000692422305516 +100.000000000000000 +0.584789892908188 -0.000000106655802 +2.677100162586650 +0.000006167131095 +0.584790029013465 +0.000000000000000 +2.677092292606094 +0.000000000000000 +0.584790029013465 +0.000000000000000 +2.677092292606094 +0.000000000000000
  3   2 +0.499999999999600 +0.396083725400200 +0.060000000000000 +0.000395922729872 +100.000000000000000 +0.584789892908188 -0.000000106655802 +2.677100162586650 +0.000006167131095 +0.584790029013465 +0.000000000000000 +2.677092292606094 +0.000000000000000 +0.584790029013465 +0.000000000000000 +2.677092292606094 +0.000000000000000
  3   3 +0.499999999999600 +0.396083725400300 +0.060000000000000 +0.000711325917807 +100.000000000000000 +0.584789892908188 -0.000000106655802 +2.677100162586650 +0.000006167131095 +0.584790029013465 +0.000000000000000 +2.677092292606094 +0.000000000000000 +0.584790029013465 +0.000000000000000 +2.677092292606094 +0.000000000000000
  3   4 +0.499999999999600 +0.396083725400400 +0.060000000000000 +0.000890815462310 +100.000000000000000 +0.584789892908188 -0.000000106655802 +2.677100162586650 +0.000006167131095 +0.584790029013465 +0.000000000000000 +2.677092292606094 +0.000000000000000 +0.584790029013465 +0.000000000000000 +2.677092292606094 +0.000000000000000
  4   1 +0.499999999999800 +0.396083725400100 +0.060000000000000 +0.000980637567170 +100.000000000000000 +0.584789892908463 -0.000000106655802 +2.677100162586389 +0.000006167131095 +0.584790029013740 +0.000000000000000 +2.677092292605832 +0.000000000000000 +0.584790029013740 +0.000000000000000 +2.677092292605832 +0.000000000000000
  4   2 +0.499999999999800 +0.396083725400200 +0.060000000000000 +0.000837359463599 +100.000000000000000 +0.584789892908463 -0.000000106655802 +2.677100162586389 +0.000006167131095 +0.584790029013740 +0.000000000000000 +2.677092292605832 +0.000000000000000 +0.584790029013740 +0.000000000000000 +2.677092292605832 +0.000000000000000
  4   3 +0.499999999999800 +0.396083725400300 +0.060000000000000 +0.000633568189411 +100.000000000000000 +0.584789892908463 -0.000000106655802 +2.677100162586389 +0.000006167131095 +0.584790029013740 +0.000000000000000 +2.677092292605832 +0.000000000000000 +0.584790029013740 +0.000000000000000 +2.677092292605832 +0.000000000000000
  4   4 +0.499999999999800 +0.396083725400400 +0.060000000000000 +0.000546820514719 +100.000000000000000 +0.584789892908463 -0.000000106655802 +2.677100162586389 +0.000006167131095 +0.584790029013740 +0.000000000000000 +2.677092292605832 +0.000000000000000 +0.584790029013740 +0.000000000000000 +2.677092292605832 +0.000000000000000
  4   5 +0.499999999999800 +0.396083725400500 +0.060000000000000 +0.000764682086923 +100.000000000000000 +0.584789892908463 -0.000000106655802 +2.677100162586389 +0.000006167131095 +0.584790029013740 +0.000000000000000 +2.677092292605832 +0.000000000000000 +0.584790029013740 +0.000000000000000 +2.677092292605832 +0.000000000000000
  4   6 +0.499999999999800 +0.396083725400600 +0.060000000000000 +0.000929215719631 +100.000000000000000 +0.584789892908463 -0.000000106655802 +2.677100162586389 +0.000006167131095 +0.584790029013740 +0.000000000000000 +2.677092292605832 +0.000000000000000 +0.584790029013740 +0.000000000000000 +2.677092292605832 +0.000000000000000
  5   3 +0.500000000000000 +0.396083725400300 +0.060000000000000 +0.000947650673775 +100.000000000000000 +0.584789892908752 -0.000000106655802 +2.677100162586245 +0.000006167131095 +0.584790029014029 +0.000000000000000 +2.677092292605689 +0.000000000000000 +0.584790029014029 +0.000000000000000 +2.677092292605689 +0.000000000000000
  5   4 +0.500000000000000 +0.396083725400400 +0.060000000000000 +0.000788672799005 +100.000000000000000 +0.584789892908752 -0.000000106655802 +2.677100162586245 +0.000006167131095 +0.584790029014029 +0.000000000000000 +2.677092292605689 +0.000000000000000 +0.584790029014029 +0.000000000000000 +2.677092292605689 +0.000000000000000
  5   5 +0.500000000000000 +0.396083725400500 +0.060000000000000 +0.000572700879294 +100.000000000000000 +0.584789892908752 -0.000000106655802 +2.677100162586245 +0.000006167131095 +0.584790029014029 +0.000000000000000 +2.677092292605689 +0.000000000000000 +0.584790029014029 +0.000000000000000 +2.677092292605689 +0.000000000000000
  5   6 +0.500000000000000 +0.396083725400600 +0.060000000000000 +0.000604616567827 +100.000000000000000 +0.584789892908752 -0.000000106655802 +2.677100162586245 +0.000006167131095 +0.584790029014029 +0.000000000000000 +2.677092292605689 +0.000000000000000 +0.584790029014029 +0.000000000000000 +2.677092292605689 +0.000000000000000
  5   7 +0.500000000000000 +0.396083725400700 +0.060000000000000 +0.000813940843823 +100.000000000000000 +0.584789892908752 -0.000000106655802 +2.677100162586245 +0.000006167131095 +0.584790029014029 +0.000000000000000 +2.677092292605689 +0.000000000000000 +0.584790029014029 +0.000000000000000 +2.677092292605689 +0.000000000000000
  5   8 +0.500000000000000 +0.396083725400800 +0.060000000000000 +0.000964258884628 +100.000000000000000 +0.584789892908752 -0.000000106655802 +2.677100162586245 +0.000006167131095 +0.584790029014029 +0.000000000000000 +2.677092292605689 +0.000000000000000 +0.584790029014029 +0.000000000000000 +2.677092292605689 +0.000000000000000
  6   5 +0.500000000000200 +0.396083725400500 +0.060000000000000 +0.000911120961437 +100.000000000000000 +0.584789892908941 -0.000000106655802 +2.677100162586040 +0.000006167131095 +0.584790029014218 +0.000000000000000 +2.677092292605483 +0.000000000000000 +0.584790029014218 +0.000000000000000 +2.677092292605483 +0.000000000000000
  6   6 +0.500000000000200 +0.396083725400600 +0.060000000000000 +0.000736031076360 +100.000000000000000 +0.584789892908941 -0.000000106655802 +2.677100162586040 +0.000006167131095 +0.584790029014218 +0.000000000000000 +2.677092292605483 +0.000000000000000 +0.584790029014218 +0.000000000000000 +2.677092292605483 +0.000000000000000
  6   7 +0.500000000000200 +0.396083725400700 +0.060000000000000 +0.000524179389365 +100.000000000000000 +0.584789892908941 -0.000000106655802 +2.677100162586040 +0.000006167131095 +0.584790029014218 +0.000000000000000 +2.677092292605483 +0.000000000000000 +0.584790029014218 +0.000000000000000 +2.677092292605483 +0.000000000000000
  6   8 +0.500000000000200 +0.396083725400800 +0.060000000000000 +0.000661937436583 +100.000000000000000 +0.584789892908941 -0.000000106655802 +2.677100162586040 +0.000006167131095 +0.584790029014218 +0.000000000000000 +2.677092292605483 +0.000000000000000 +0.584790029014218 +0.000000000000000 +2.677092292605483 +0.000000000000000
  6   9 +0.500000000000200 +0.396083725400900 +0.060000000000000 +0.000859578345235 +100.000000000000000 +0.584789892908941 -0.000000106655802 +2.677100162586040 +0.000006167131095 +0.584790029014218 +0.000000000000000 +2.677092292605483 +0.000000000000000 +0.584790029014218 +0.000000000000000 +2.677092292605483 +0.000000000000000
  6  10 +0.500000000000200 +0.396083725401000 +0.060000000000000 +0.000996004214476 +100.000000000000000 +0.584789892908941 -0.000000106655802 +2.677100162586040 +0.000006167131095 +0.584790029014218 +0.000000000000000 +2.677092292605483 +0.000000000000000 +0.584790029014218 +0.000000000000000 +2.677092292605483 +0.000000000000000
  7   7 +0.500000000000400 +0.396083725400700 +0.060000000000000 +0.000871036131135 +100.000000000000000 +0.584789892909203 -0.000000106655802 +2.677100162585807 +0.000006167131095 +0.584790029014480 +0.000000000000000 +2.677092292605251 +0.000000000000000 +0.584790029014480 +0.000000000000000 +2.677092292605251 +0.000000000000000
  7   8 +0.500000000000400 +0.396083725400800 +0.060000000000000 +0.000682667782731 +100.000000000000000 +0.584789892909203 -0.000000106655802 +2.677100162585807 +0.000006167131095 +0.584790029014480 +0.000000000000000 +2.677092292605251 +0.000000000000000 +0.584790029014480 +0.000000000000000 +2.677092292605251 +0.000000000000000
  7   9 +0.500000000000400 +0.396083725400900 +0.060000000000000 +0.000508455086018 +100.000000000000000 +0.584789892909203 -0.000000106655802 +2.677100162585807 +0.000006167131095 +0.584790029014480 +0.000000000000000 +2.677092292605251 +0.000000000000000 +0.584790029014480 +0.000000000000000 +2.677092292605251 +0.000000000000000
  7  10 +0.500000000000400 +0.396083725401000 +0.060000000000000 +0.000722666547902 +100.000000000000000 +0.584789892909203 -0.000000106655802 +2.677100162585807 +0.000006167131095 +0.584790029014480 +0.000000000000000 +2.677092292605251 +0.000000000000000 +0.584790029014480 +0.000000000000000 +2.677092292605251 +0.000000000000000
  8   8 +0.500000000000600 +0.396083725400800 +0.060000000000000 +0.000974561461302 +100.000000000000000 +0.584789892909418 -0.000000106655802 +2.677100162585535 +0.000006167131095 +0.584790029014695 +0.000000000000000 +2.677092292604979 +0.000000000000000 +0.584790029014695 +0.000000000000000 +2.677092292604979 +0.000000000000000
  8   9 +0.500000000000600 +0.396083725400900 +0.060000000000000 +0.000825447491644 +100.000000000000000 +0.584789892909418 -0.000000106655802 +2.677100162585535 +0.000006167131095 +0.584790029014695 +0.000000000000000 +2.677092292604979 +0.000000000000000 +0.584790029014695 +0.000000000000000 +2.677092292604979 +0.000000000000000
  8  10 +0.500000000000600 +0.396083725401000 +0.060000000000000 +0.000621372284048 +100.000000000000000 +0.584789892909418 -0.000000106655802 +2.677100162585535 +0.000006167131095 +0.584790029014695 +0.000000000000000 +2.677092292604979 +0.000000000000000 +0.584790029014695 +0.000000000000000 +2.677092292604979 +0.000000000000000
  9  10 +0.500000000000800 +0.396083725401000 +0.060000000000000 +0.000942569527968 +100.000000000000000 +0.584789892909714 -0.000000106655802 +2.677100162585397 +0.000006167131095 +0.584790029014991 +0.000000000000000 +2.677092292604840 +0.000000000000000 +0.584790029014991 +0.000000000000000 +2.677092292604840 +0.000000000000000
