# i   j  Gamma              Lambda             paramK             distTrajToEq       integrationTime      startPtfi1         startPtV1          startPtfi2         startPtV2          sadfocPtfi1        sadfocPtV1         sadfocPtfi2        sadfocPtV2         saddlePtfi1        saddlePtV1         saddlePtfi2        saddlePtV2
# 0   1  2                  3                  4                  5                  6                    7                  8                  9                  10                 11                 12                 13                 14                 15                 16                 17                 18
  0   2 +0.599999900000000 +0.485991320000000 +0.060000000000000 +0.004169733364789 +1000.000000000000000 +0.717715362980794 -0.000000060432134 +2.568387646622307 +0.000005810851720 +0.717715447612516 +0.000000000000000 +2.568379508859242 +0.000000000000000 +0.717715447612516 +0.000000000000000 +2.568379508859242 +0.000000000000000
  0   3 +0.599999900000000 +0.485991330000000 +0.060000000000000 +0.003944006406044 +1000.000000000000000 +0.717715362980794 -0.000000060432133 +2.568387646622322 +0.000005810851700 +0.717715447612516 +0.000000000000000 +2.568379508859242 +0.000000000000000 +0.717715447612516 +0.000000000000000 +2.568379508859242 +0.000000000000000
  0   4 +0.599999900000000 +0.485991340000000 +0.060000000000000 +0.003766746315378 +1000.000000000000000 +0.717715362980794 -0.000000060432133 +2.568387646622336 +0.000005810851680 +0.717715447612516 +0.000000000000000 +2.568379508859242 +0.000000000000000 +0.717715447612516 +0.000000000000000 +2.568379508859242 +0.000000000000000
  0   5 +0.599999900000000 +0.485991350000000 +0.060000000000000 +0.002041179929158 +1000.000000000000000 +0.717715362980794 -0.000000060432133 +2.568387646622350 +0.000005810851660 +0.717715447612516 +0.000000000000000 +2.568379508859242 +0.000000000000000 +0.717715447612516 +0.000000000000000 +2.568379508859242 +0.000000000000000
  0   6 +0.599999900000000 +0.485991360000000 +0.060000000000000 +0.003694397522082 +1000.000000000000000 +0.717715362980794 -0.000000060432133 +2.568387646622365 +0.000005810851640 +0.717715447612516 +0.000000000000000 +2.568379508859242 +0.000000000000000 +0.717715447612516 +0.000000000000000 +2.568379508859242 +0.000000000000000
  0   7 +0.599999900000000 +0.485991370000000 +0.060000000000000 +0.003872269908560 +1000.000000000000000 +0.717715362980794 -0.000000060432132 +2.568387646622379 +0.000005810851620 +0.717715447612516 +0.000000000000000 +2.568379508859242 +0.000000000000000 +0.717715447612516 +0.000000000000000 +2.568379508859242 +0.000000000000000
  0   8 +0.599999900000000 +0.485991380000000 +0.060000000000000 +0.004085103405584 +1000.000000000000000 +0.717715362980794 -0.000000060432132 +2.568387646622393 +0.000005810851600 +0.717715447612516 +0.000000000000000 +2.568379508859242 +0.000000000000000 +0.717715447612516 +0.000000000000000 +2.568379508859242 +0.000000000000000
  1   3 +0.599999910000000 +0.485991330000000 +0.060000000000000 +0.004153872226917 +1000.000000000000000 +0.717715376810727 -0.000000060432128 +2.568387635217755 +0.000005810851679 +0.717715461442442 +0.000000000000000 +2.568379497454659 +0.000000000000000 +0.717715461442442 +0.000000000000000 +2.568379497454659 +0.000000000000000
  1   4 +0.599999910000000 +0.485991340000000 +0.060000000000000 +0.003930873234856 +1000.000000000000000 +0.717715376810727 -0.000000060432128 +2.568387635217769 +0.000005810851658 +0.717715461442442 +0.000000000000000 +2.568379497454659 +0.000000000000000 +0.717715461442442 +0.000000000000000 +2.568379497454659 +0.000000000000000
  1   5 +0.599999910000000 +0.485991350000000 +0.060000000000000 +0.003757016482206 +1000.000000000000000 +0.717715376810726 -0.000000060432128 +2.568387635217784 +0.000005810851638 +0.717715461442442 +0.000000000000000 +2.568379497454659 +0.000000000000000 +0.717715461442442 +0.000000000000000 +2.568379497454659 +0.000000000000000
  1   6 +0.599999910000000 +0.485991360000000 +0.060000000000000 +0.001781714348888 +1000.000000000000000 +0.717715376810726 -0.000000060432128 +2.568387635217798 +0.000005810851618 +0.717715461442442 +0.000000000000000 +2.568379497454659 +0.000000000000000 +0.717715461442442 +0.000000000000000 +2.568379497454659 +0.000000000000000
  1   7 +0.599999910000000 +0.485991370000000 +0.060000000000000 +0.003726892892721 +1000.000000000000000 +0.717715376810726 -0.000000060432128 +2.568387635217813 +0.000005810851598 +0.717715461442442 +0.000000000000000 +2.568379497454659 +0.000000000000000 +0.717715461442442 +0.000000000000000 +2.568379497454659 +0.000000000000000
  1   8 +0.599999910000000 +0.485991380000000 +0.060000000000000 +0.003885448068981 +1000.000000000000000 +0.717715376810726 -0.000000060432127 +2.568387635217827 +0.000005810851578 +0.717715461442442 +0.000000000000000 +2.568379497454659 +0.000000000000000 +0.717715461442442 +0.000000000000000 +2.568379497454659 +0.000000000000000
  1   9 +0.599999910000000 +0.485991390000000 +0.060000000000000 +0.004099681393868 +1000.000000000000000 +0.717715376810726 -0.000000060432127 +2.568387635217841 +0.000005810851558 +0.717715461442442 +0.000000000000000 +2.568379497454659 +0.000000000000000 +0.717715461442442 +0.000000000000000 +2.568379497454659 +0.000000000000000
  2   4 +0.599999920000000 +0.485991340000000 +0.060000000000000 +0.004138283138594 +1000.000000000000000 +0.717715390640660 -0.000000060432123 +2.568387623813192 +0.000005810851637 +0.717715475272369 +0.000000000000000 +2.568379486050067 +0.000000000000000 +0.717715475272369 +0.000000000000000 +2.568379486050067 +0.000000000000000
  2   5 +0.599999920000000 +0.485991350000000 +0.060000000000000 +0.003918099771171 +1000.000000000000000 +0.717715390640660 -0.000000060432123 +2.568387623813206 +0.000005810851617 +0.717715475272369 +0.000000000000000 +2.568379486050067 +0.000000000000000 +0.717715475272369 +0.000000000000000 +2.568379486050067 +0.000000000000000
  2   6 +0.599999920000000 +0.485991360000000 +0.060000000000000 +0.003747820421258 +1000.000000000000000 +0.717715390640660 -0.000000060432123 +2.568387623813221 +0.000005810851597 +0.717715475272369 +0.000000000000000 +2.568379486050067 +0.000000000000000 +0.717715475272369 +0.000000000000000 +2.568379486050067 +0.000000000000000
  2   7 +0.599999920000000 +0.485991370000000 +0.060000000000000 +0.001543159360890 +1000.000000000000000 +0.717715390640660 -0.000000060432123 +2.568387623813235 +0.000005810851577 +0.717715475272369 +0.000000000000000 +2.568379486050067 +0.000000000000000 +0.717715475272369 +0.000000000000000 +2.568379486050067 +0.000000000000000
  2   8 +0.599999920000000 +0.485991380000000 +0.060000000000000 +0.003734711288593 +1000.000000000000000 +0.717715390640660 -0.000000060432122 +2.568387623813249 +0.000005810851557 +0.717715475272369 +0.000000000000000 +2.568379486050067 +0.000000000000000 +0.717715475272369 +0.000000000000000 +2.568379486050067 +0.000000000000000
  2   9 +0.599999920000000 +0.485991390000000 +0.060000000000000 +0.003899046759920 +1000.000000000000000 +0.717715390640659 -0.000000060432122 +2.568387623813264 +0.000005810851536 +0.717715475272369 +0.000000000000000 +2.568379486050067 +0.000000000000000 +0.717715475272369 +0.000000000000000 +2.568379486050067 +0.000000000000000
  2  10 +0.599999920000000 +0.485991400000000 +0.060000000000000 +0.004114541308105 +1000.000000000000000 +0.717715390640659 -0.000000060432122 +2.568387623813278 +0.000005810851516 +0.717715475272369 +0.000000000000000 +2.568379486050067 +0.000000000000000 +0.717715475272369 +0.000000000000000 +2.568379486050067 +0.000000000000000
  3   5 +0.599999930000000 +0.485991350000000 +0.060000000000000 +0.004122969084487 +1000.000000000000000 +0.717715404470611 -0.000000060432118 +2.568387612408636 +0.000005810851595 +0.717715489102313 +0.000000000000000 +2.568379474645480 +0.000000000000000 +0.717715489102313 +0.000000000000000 +2.568379474645480 +0.000000000000000
  3   6 +0.599999930000000 +0.485991360000000 +0.060000000000000 +0.003905689639674 +1000.000000000000000 +0.717715404470611 -0.000000060432118 +2.568387612408650 +0.000005810851575 +0.717715489102313 +0.000000000000000 +2.568379474645480 +0.000000000000000 +0.717715489102313 +0.000000000000000 +2.568379474645480 +0.000000000000000
  3   7 +0.599999930000000 +0.485991370000000 +0.060000000000000 +0.003739162073700 +1000.000000000000000 +0.717715404470610 -0.000000060432118 +2.568387612408665 +0.000005810851555 +0.717715489102313 +0.000000000000000 +2.568379474645480 +0.000000000000000 +0.717715489102313 +0.000000000000000 +2.568379474645480 +0.000000000000000
  3   8 +0.599999930000000 +0.485991380000000 +0.060000000000000 +0.001281736365664 +1000.000000000000000 +0.717715404470610 -0.000000060432117 +2.568387612408679 +0.000005810851535 +0.717715489102313 +0.000000000000000 +2.568379474645480 +0.000000000000000 +0.717715489102313 +0.000000000000000 +2.568379474645480 +0.000000000000000
  3   9 +0.599999930000000 +0.485991390000000 +0.060000000000000 +0.003743072204127 +1000.000000000000000 +0.717715404470610 -0.000000060432117 +2.568387612408693 +0.000005810851515 +0.717715489102313 +0.000000000000000 +2.568379474645480 +0.000000000000000 +0.717715489102313 +0.000000000000000 +2.568379474645480 +0.000000000000000
  3  10 +0.599999930000000 +0.485991400000000 +0.060000000000000 +0.003911272605198 +1000.000000000000000 +0.717715404470610 -0.000000060432117 +2.568387612408708 +0.000005810851495 +0.717715489102313 +0.000000000000000 +2.568379474645480 +0.000000000000000 +0.717715489102313 +0.000000000000000 +2.568379474645480 +0.000000000000000
  3  11 +0.599999930000000 +0.485991410000000 +0.060000000000000 +0.004129680008189 +1000.000000000000000 +0.717715404470610 -0.000000060432117 +2.568387612408722 +0.000005810851475 +0.717715489102313 +0.000000000000000 +2.568379474645480 +0.000000000000000 +0.717715489102313 +0.000000000000000 +2.568379474645480 +0.000000000000000
  4   6 +0.599999940000000 +0.485991360000000 +0.060000000000000 +0.004107933308612 +1000.000000000000000 +0.717715418300553 -0.000000060432113 +2.568387601004081 +0.000005810851554 +0.717715502932249 +0.000000000000000 +2.568379463240896 +0.000000000000000 +0.717715502932249 +0.000000000000000 +2.568379463240896 +0.000000000000000
  4   7 +0.599999940000000 +0.485991370000000 +0.060000000000000 +0.003892853851776 +1000.000000000000000 +0.717715418300552 -0.000000060432113 +2.568387601004095 +0.000005810851534 +0.717715502932249 +0.000000000000000 +2.568379463240896 +0.000000000000000 +0.717715502932249 +0.000000000000000 +2.568379463240896 +0.000000000000000
  4   8 +0.599999940000000 +0.485991380000000 +0.060000000000000 +0.003731045184940 +1000.000000000000000 +0.717715418300552 -0.000000060432112 +2.568387601004110 +0.000005810851513 +0.717715502932249 +0.000000000000000 +2.568379463240896 +0.000000000000000 +0.717715502932249 +0.000000000000000 +2.568379463240896 +0.000000000000000
  4   9 +0.599999940000000 +0.485991390000000 +0.060000000000000 +0.001643380223670 +1000.000000000000000 +0.717715418300552 -0.000000060432112 +2.568387601004124 +0.000005810851493 +0.717715502932249 +0.000000000000000 +2.568379463240896 +0.000000000000000 +0.717715502932249 +0.000000000000000 +2.568379463240896 +0.000000000000000
  4  10 +0.599999940000000 +0.485991400000000 +0.060000000000000 +0.003751971995385 +1000.000000000000000 +0.717715418300552 -0.000000060432112 +2.568387601004138 +0.000005810851473 +0.717715502932249 +0.000000000000000 +2.568379463240896 +0.000000000000000 +0.717715502932249 +0.000000000000000 +2.568379463240896 +0.000000000000000
  4  11 +0.599999940000000 +0.485991410000000 +0.060000000000000 +0.003923835052303 +1000.000000000000000 +0.717715418300552 -0.000000060432112 +2.568387601004153 +0.000005810851453 +0.717715502932249 +0.000000000000000 +2.568379463240896 +0.000000000000000 +0.717715502932249 +0.000000000000000 +2.568379463240896 +0.000000000000000
  4  12 +0.599999940000000 +0.485991420000000 +0.060000000000000 +0.004145094447764 +1000.000000000000000 +0.717715418300552 -0.000000060432112 +2.568387601004167 +0.000005810851433 +0.717715502932249 +0.000000000000000 +2.568379463240896 +0.000000000000000 +0.717715502932249 +0.000000000000000 +2.568379463240896 +0.000000000000000
  5   7 +0.599999950000000 +0.485991370000000 +0.060000000000000 +0.004093178853976 +1000.000000000000000 +0.717715432130495 -0.000000060432108 +2.568387589599515 +0.000005810851512 +0.717715516762185 +0.000000000000000 +2.568379451836301 +0.000000000000000 +0.717715516762185 +0.000000000000000 +2.568379451836301 +0.000000000000000
  5   8 +0.599999950000000 +0.485991380000000 +0.060000000000000 +0.003879431172573 +1000.000000000000000 +0.717715432130495 -0.000000060432108 +2.568387589599530 +0.000005810851492 +0.717715516762185 +0.000000000000000 +2.568379451836301 +0.000000000000000 +0.717715516762185 +0.000000000000000 +2.568379451836301 +0.000000000000000
  5   9 +0.599999950000000 +0.485991390000000 +0.060000000000000 +0.003723473332068 +1000.000000000000000 +0.717715432130495 -0.000000060432107 +2.568387589599544 +0.000005810851472 +0.717715516762185 +0.000000000000000 +2.568379451836301 +0.000000000000000 +0.717715516762185 +0.000000000000000 +2.568379451836301 +0.000000000000000
  5  10 +0.599999950000000 +0.485991400000000 +0.060000000000000 +0.001899376070558 +1000.000000000000000 +0.717715432130495 -0.000000060432107 +2.568387589599558 +0.000005810851452 +0.717715516762185 +0.000000000000000 +2.568379451836301 +0.000000000000000 +0.717715516762185 +0.000000000000000 +2.568379451836301 +0.000000000000000
  5  11 +0.599999950000000 +0.485991410000000 +0.060000000000000 +0.003761406721567 +1000.000000000000000 +0.717715432130494 -0.000000060432107 +2.568387589599573 +0.000005810851432 +0.717715516762185 +0.000000000000000 +2.568379451836301 +0.000000000000000 +0.717715516762185 +0.000000000000000 +2.568379451836301 +0.000000000000000
  5  12 +0.599999950000000 +0.485991420000000 +0.060000000000000 +0.003936758043615 +1000.000000000000000 +0.717715432130494 -0.000000060432107 +2.568387589599587 +0.000005810851411 +0.717715516762185 +0.000000000000000 +2.568379451836301 +0.000000000000000 +0.717715516762185 +0.000000000000000 +2.568379451836301 +0.000000000000000
  5  13 +0.599999950000000 +0.485991430000000 +0.060000000000000 +0.004160781496558 +1000.000000000000000 +0.717715432130494 -0.000000060432106 +2.568387589599602 +0.000005810851391 +0.717715516762185 +0.000000000000000 +2.568379451836301 +0.000000000000000 +0.717715516762185 +0.000000000000000 +2.568379451836301 +0.000000000000000
  6   8 +0.599999960000000 +0.485991380000000 +0.060000000000000 +0.004078708822723 +1000.000000000000000 +0.717715445960436 -0.000000060432103 +2.568387578194960 +0.000005810851470 +0.717715530592120 +0.000000000000000 +2.568379440431715 +0.000000000000000 +0.717715530592120 +0.000000000000000 +2.568379440431715 +0.000000000000000
  6   9 +0.599999960000000 +0.485991390000000 +0.060000000000000 +0.003866432159659 +1000.000000000000000 +0.717715445960436 -0.000000060432102 +2.568387578194975 +0.000005810851450 +0.717715530592120 +0.000000000000000 +2.568379440431715 +0.000000000000000 +0.717715530592120 +0.000000000000000 +2.568379440431715 +0.000000000000000
  6  10 +0.599999960000000 +0.485991400000000 +0.060000000000000 +0.003647280893907 +1000.000000000000000 +0.717715445960436 -0.000000060432102 +2.568387578194989 +0.000005810851430 +0.717715530592120 +0.000000000000000 +2.568379440431715 +0.000000000000000 +0.717715530592120 +0.000000000000000 +2.568379440431715 +0.000000000000000
  6  11 +0.599999960000000 +0.485991410000000 +0.060000000000000 +0.002153923322388 +1000.000000000000000 +0.717715445960436 -0.000000060432102 +2.568387578195003 +0.000005810851410 +0.717715530592120 +0.000000000000000 +2.568379440431715 +0.000000000000000 +0.717715530592120 +0.000000000000000 +2.568379440431715 +0.000000000000000
  6  12 +0.599999960000000 +0.485991420000000 +0.060000000000000 +0.003771372264892 +1000.000000000000000 +0.717715445960436 -0.000000060432102 +2.568387578195018 +0.000005810851390 +0.717715530592120 +0.000000000000000 +2.568379440431715 +0.000000000000000 +0.717715530592120 +0.000000000000000 +2.568379440431715 +0.000000000000000
  6  13 +0.599999960000000 +0.485991430000000 +0.060000000000000 +0.003950038080115 +1000.000000000000000 +0.717715445960435 -0.000000060432102 +2.568387578195032 +0.000005810851370 +0.717715530592120 +0.000000000000000 +2.568379440431715 +0.000000000000000 +0.717715530592120 +0.000000000000000 +2.568379440431715 +0.000000000000000
  6  14 +0.599999960000000 +0.485991440000000 +0.060000000000000 +0.004176737981948 +1000.000000000000000 +0.717715445960435 -0.000000060432101 +2.568387578195046 +0.000005810851350 +0.717715530592120 +0.000000000000000 +2.568379440431715 +0.000000000000000 +0.717715530592120 +0.000000000000000 +2.568379440431715 +0.000000000000000
  7   9 +0.599999970000000 +0.485991390000000 +0.060000000000000 +0.004064526219877 +1000.000000000000000 +0.717715459790379 -0.000000060432097 +2.568387566790392 +0.000005810851429 +0.717715544422056 +0.000000000000000 +2.568379429027117 +0.000000000000000 +0.717715544422056 +0.000000000000000 +2.568379429027117 +0.000000000000000
  7  10 +0.599999970000000 +0.485991400000000 +0.060000000000000 +0.003853861250749 +1000.000000000000000 +0.717715459790379 -0.000000060432097 +2.568387566790406 +0.000005810851409 +0.717715544422056 +0.000000000000000 +2.568379429027117 +0.000000000000000 +0.717715544422056 +0.000000000000000 +2.568379429027117 +0.000000000000000
  7  11 +0.599999970000000 +0.485991410000000 +0.060000000000000 +0.003534640928238 +1000.000000000000000 +0.717715459790378 -0.000000060432097 +2.568387566790420 +0.000005810851388 +0.717715544422056 +0.000000000000000 +2.568379429027117 +0.000000000000000 +0.717715544422056 +0.000000000000000 +2.568379429027117 +0.000000000000000
  7  12 +0.599999970000000 +0.485991420000000 +0.060000000000000 +0.002392818527445 +1000.000000000000000 +0.717715459790378 -0.000000060432097 +2.568387566790435 +0.000005810851368 +0.717715544422056 +0.000000000000000 +2.568379429027117 +0.000000000000000 +0.717715544422056 +0.000000000000000 +2.568379429027117 +0.000000000000000
  7  13 +0.599999970000000 +0.485991430000000 +0.060000000000000 +0.003780595972985 +1000.000000000000000 +0.717715459790378 -0.000000060432097 +2.568387566790449 +0.000005810851348 +0.717715544422056 +0.000000000000000 +2.568379429027117 +0.000000000000000 +0.717715544422056 +0.000000000000000 +2.568379429027117 +0.000000000000000
  7  14 +0.599999970000000 +0.485991440000000 +0.060000000000000 +0.003963671473887 +1000.000000000000000 +0.717715459790378 -0.000000060432096 +2.568387566790463 +0.000005810851328 +0.717715544422056 +0.000000000000000 +2.568379429027117 +0.000000000000000 +0.717715544422056 +0.000000000000000 +2.568379429027117 +0.000000000000000
  7  15 +0.599999970000000 +0.485991450000000 +0.060000000000000 +0.004192960798447 +1000.000000000000000 +0.717715459790378 -0.000000060432096 +2.568387566790478 +0.000005810851308 +0.717715544422056 +0.000000000000000 +2.568379429027117 +0.000000000000000 +0.717715544422056 +0.000000000000000 +2.568379429027117 +0.000000000000000
  8  10 +0.599999980000000 +0.485991400000000 +0.060000000000000 +0.004048864031202 +1000.000000000000000 +0.717715473620321 -0.000000060432092 +2.568387555385832 +0.000005810851387 +0.717715558251992 +0.000000000000000 +2.568379417622528 +0.000000000000000 +0.717715558251992 +0.000000000000000 +2.568379417622528 +0.000000000000000
  8  11 +0.599999980000000 +0.485991410000000 +0.060000000000000 +0.003841722577763 +1000.000000000000000 +0.717715473620321 -0.000000060432092 +2.568387555385847 +0.000005810851367 +0.717715558251992 +0.000000000000000 +2.568379417622528 +0.000000000000000 +0.717715558251992 +0.000000000000000 +2.568379417622528 +0.000000000000000
  8  12 +0.599999980000000 +0.485991420000000 +0.060000000000000 +0.003409528551143 +1000.000000000000000 +0.717715473620321 -0.000000060432092 +2.568387555385861 +0.000005810851347 +0.717715558251992 +0.000000000000000 +2.568379417622528 +0.000000000000000 +0.717715558251992 +0.000000000000000 +2.568379417622528 +0.000000000000000
  8  13 +0.599999980000000 +0.485991430000000 +0.060000000000000 +0.002611664137751 +1000.000000000000000 +0.717715473620321 -0.000000060432092 +2.568387555385875 +0.000005810851327 +0.717715558251992 +0.000000000000000 +2.568379417622528 +0.000000000000000 +0.717715558251992 +0.000000000000000 +2.568379417622528 +0.000000000000000
  8  14 +0.599999980000000 +0.485991440000000 +0.060000000000000 +0.003790168339943 +1000.000000000000000 +0.717715473620321 -0.000000060432091 +2.568387555385890 +0.000005810851307 +0.717715558251992 +0.000000000000000 +2.568379417622528 +0.000000000000000 +0.717715558251992 +0.000000000000000 +2.568379417622528 +0.000000000000000
  8  15 +0.599999980000000 +0.485991450000000 +0.060000000000000 +0.003977654435409 +1000.000000000000000 +0.717715473620320 -0.000000060432091 +2.568387555385904 +0.000005810851287 +0.717715558251992 +0.000000000000000 +2.568379417622528 +0.000000000000000 +0.717715558251992 +0.000000000000000 +2.568379417622528 +0.000000000000000
  9  11 +0.599999990000000 +0.485991410000000 +0.060000000000000 +0.004033249683279 +1000.000000000000000 +0.717715487450264 -0.000000060432087 +2.568387543981272 +0.000005810851345 +0.717715572081929 +0.000000000000000 +2.568379406217938 +0.000000000000000 +0.717715572081929 +0.000000000000000 +2.568379406217938 +0.000000000000000
  9  12 +0.599999990000000 +0.485991420000000 +0.060000000000000 +0.003830020336275 +1000.000000000000000 +0.717715487450264 -0.000000060432087 +2.568387543981287 +0.000005810851325 +0.717715572081929 +0.000000000000000 +2.568379406217938 +0.000000000000000 +0.717715572081929 +0.000000000000000 +2.568379406217938 +0.000000000000000
  9  13 +0.599999990000000 +0.485991430000000 +0.060000000000000 +0.003271304538762 +1000.000000000000000 +0.717715487450264 -0.000000060432087 +2.568387543981301 +0.000005810851305 +0.717715572081929 +0.000000000000000 +2.568379406217938 +0.000000000000000 +0.717715572081929 +0.000000000000000 +2.568379406217938 +0.000000000000000
  9  14 +0.599999990000000 +0.485991440000000 +0.060000000000000 +0.002813167882159 +1000.000000000000000 +0.717715487450263 -0.000000060432086 +2.568387543981316 +0.000005810851285 +0.717715572081929 +0.000000000000000 +2.568379406217938 +0.000000000000000 +0.717715572081929 +0.000000000000000 +2.568379406217938 +0.000000000000000
  9  15 +0.599999990000000 +0.485991450000000 +0.060000000000000 +0.003800194367469 +1000.000000000000000 +0.717715487450263 -0.000000060432086 +2.568387543981330 +0.000005810851265 +0.717715572081929 +0.000000000000000 +2.568379406217938 +0.000000000000000 +0.717715572081929 +0.000000000000000 +2.568379406217938 +0.000000000000000
  9  16 +0.599999990000000 +0.485991460000000 +0.060000000000000 +0.003991983329932 +1000.000000000000000 +0.717715487450263 -0.000000060432086 +2.568387543981344 +0.000005810851245 +0.717715572081929 +0.000000000000000 +2.568379406217938 +0.000000000000000 +0.717715572081929 +0.000000000000000 +2.568379406217938 +0.000000000000000
 10  12 +0.600000000000000 +0.485991420000000 +0.060000000000000 +0.004017968131500 +1000.000000000000000 +0.717715501280208 -0.000000060432082 +2.568387532576717 +0.000005810851304 +0.717715585911866 +0.000000000000000 +2.568379394813353 +0.000000000000000 +0.717715585911866 +0.000000000000000 +2.568379394813353 +0.000000000000000
 10  13 +0.600000000000000 +0.485991430000000 +0.060000000000000 +0.003818758589750 +1000.000000000000000 +0.717715501280207 -0.000000060432082 +2.568387532576732 +0.000005810851284 +0.717715585911866 +0.000000000000000 +2.568379394813353 +0.000000000000000 +0.717715585911866 +0.000000000000000 +2.568379394813353 +0.000000000000000
 10  14 +0.600000000000000 +0.485991440000000 +0.060000000000000 +0.003119203266525 +1000.000000000000000 +0.717715501280207 -0.000000060432082 +2.568387532576746 +0.000005810851264 +0.717715585911866 +0.000000000000000 +2.568379394813353 +0.000000000000000 +0.717715585911866 +0.000000000000000 +2.568379394813353 +0.000000000000000
 10  15 +0.600000000000000 +0.485991450000000 +0.060000000000000 +0.002992891596503 +1000.000000000000000 +0.717715501280207 -0.000000060432081 +2.568387532576760 +0.000005810851243 +0.717715585911866 +0.000000000000000 +2.568379394813353 +0.000000000000000 +0.717715585911866 +0.000000000000000 +2.568379394813353 +0.000000000000000
 10  16 +0.600000000000000 +0.485991460000000 +0.060000000000000 +0.003810670433245 +1000.000000000000000 +0.717715501280207 -0.000000060432081 +2.568387532576775 +0.000005810851223 +0.717715585911866 +0.000000000000000 +2.568379394813353 +0.000000000000000 +0.717715585911866 +0.000000000000000 +2.568379394813353 +0.000000000000000
 10  17 +0.600000000000000 +0.485991470000000 +0.060000000000000 +0.004006654339771 +1000.000000000000000 +0.717715501280207 -0.000000060432081 +2.568387532576789 +0.000005810851203 +0.717715585911866 +0.000000000000000 +2.568379394813353 +0.000000000000000 +0.717715585911866 +0.000000000000000 +2.568379394813353 +0.000000000000000
 11   9 +0.600000010000000 +0.485991390000000 +0.060000000000000 +0.003954900947454 +1000.000000000000000 +0.717715515110158 -0.000000060432078 +2.568387521172105 +0.000005810851343 +0.717715599741809 +0.000000000000000 +2.568379383408768 +0.000000000000000 +0.717715599741809 +0.000000000000000 +2.568379383408768 +0.000000000000000
 11  13 +0.600000010000000 +0.485991430000000 +0.060000000000000 +0.004003023212129 +1000.000000000000000 +0.717715515110157 -0.000000060432077 +2.568387521172163 +0.000005810851262 +0.717715599741809 +0.000000000000000 +2.568379383408768 +0.000000000000000 +0.717715599741809 +0.000000000000000 +2.568379383408768 +0.000000000000000
 11  14 +0.600000010000000 +0.485991440000000 +0.060000000000000 +0.003807941261676 +1000.000000000000000 +0.717715515110157 -0.000000060432077 +2.568387521172177 +0.000005810851242 +0.717715599741809 +0.000000000000000 +2.568379383408768 +0.000000000000000 +0.717715599741809 +0.000000000000000 +2.568379383408768 +0.000000000000000
 11  15 +0.600000010000000 +0.485991450000000 +0.060000000000000 +0.002949921260873 +1000.000000000000000 +0.717715515110157 -0.000000060432076 +2.568387521172191 +0.000005810851222 +0.717715599741809 +0.000000000000000 +2.568379383408768 +0.000000000000000 +0.717715599741809 +0.000000000000000 +2.568379383408768 +0.000000000000000
 11  16 +0.600000010000000 +0.485991460000000 +0.060000000000000 +0.003156592758679 +1000.000000000000000 +0.717715515110157 -0.000000060432076 +2.568387521172205 +0.000005810851202 +0.717715599741809 +0.000000000000000 +2.568379383408768 +0.000000000000000 +0.717715599741809 +0.000000000000000 +2.568379383408768 +0.000000000000000
 11  17 +0.600000010000000 +0.485991470000000 +0.060000000000000 +0.003821592725844 +1000.000000000000000 +0.717715515110157 -0.000000060432076 +2.568387521172220 +0.000005810851182 +0.717715599741809 +0.000000000000000 +2.568379383408768 +0.000000000000000 +0.717715599741809 +0.000000000000000 +2.568379383408768 +0.000000000000000
 11  18 +0.600000010000000 +0.485991480000000 +0.060000000000000 +0.004021663625350 +1000.000000000000000 +0.717715515110157 -0.000000060432076 +2.568387521172234 +0.000005810851162 +0.717715599741809 +0.000000000000000 +2.568379383408768 +0.000000000000000 +0.717715599741809 +0.000000000000000 +2.568379383408768 +0.000000000000000
 12  14 +0.600000020000000 +0.485991440000000 +0.060000000000000 +0.003988418714693 +1000.000000000000000 +0.717715528940100 -0.000000060432072 +2.568387509767601 +0.000005810851220 +0.717715613571746 +0.000000000000000 +2.568379372004177 +0.000000000000000 +0.717715613571746 +0.000000000000000 +2.568379372004177 +0.000000000000000
 12  15 +0.600000020000000 +0.485991450000000 +0.060000000000000 +0.003797572135916 +1000.000000000000000 +0.717715528940100 -0.000000060432071 +2.568387509767616 +0.000005810851200 +0.717715613571746 +0.000000000000000 +2.568379372004177 +0.000000000000000 +0.717715613571746 +0.000000000000000 +2.568379372004177 +0.000000000000000
 12  16 +0.600000020000000 +0.485991460000000 +0.060000000000000 +0.002762885374024 +1000.000000000000000 +0.717715528940100 -0.000000060432071 +2.568387509767630 +0.000005810851180 +0.717715613571746 +0.000000000000000 +2.568379372004177 +0.000000000000000 +0.717715613571746 +0.000000000000000 +2.568379372004177 +0.000000000000000
 12  17 +0.600000020000000 +0.485991470000000 +0.060000000000000 +0.003305599234560 +1000.000000000000000 +0.717715528940100 -0.000000060432071 +2.568387509767645 +0.000005810851160 +0.717715613571746 +0.000000000000000 +2.568379372004177 +0.000000000000000 +0.717715613571746 +0.000000000000000 +2.568379372004177 +0.000000000000000
 12  18 +0.600000020000000 +0.485991480000000 +0.060000000000000 +0.003832957367707 +1000.000000000000000 +0.717715528940100 -0.000000060432071 +2.568387509767659 +0.000005810851140 +0.717715613571746 +0.000000000000000 +2.568379372004177 +0.000000000000000 +0.717715613571746 +0.000000000000000 +2.568379372004177 +0.000000000000000
 12  19 +0.600000020000000 +0.485991490000000 +0.060000000000000 +0.004037007325246 +1000.000000000000000 +0.717715528940099 -0.000000060432071 +2.568387509767673 +0.000005810851120 +0.717715613571746 +0.000000000000000 +2.568379372004177 +0.000000000000000 +0.717715613571746 +0.000000000000000 +2.568379372004177 +0.000000000000000
 13  15 +0.600000030000000 +0.485991450000000 +0.060000000000000 +0.003974158495364 +1000.000000000000000 +0.717715542770034 -0.000000060432066 +2.568387498363026 +0.000005810851179 +0.717715627401674 +0.000000000000000 +2.568379360599572 +0.000000000000000 +0.717715627401674 +0.000000000000000 +2.568379360599572 +0.000000000000000
 13  16 +0.600000030000000 +0.485991460000000 +0.060000000000000 +0.003787655011856 +1000.000000000000000 +0.717715542770034 -0.000000060432066 +2.568387498363040 +0.000005810851159 +0.717715627401674 +0.000000000000000 +2.568379360599572 +0.000000000000000 +0.717715627401674 +0.000000000000000 +2.568379360599572 +0.000000000000000
 13  17 +0.600000030000000 +0.485991470000000 +0.060000000000000 +0.002558513874811 +1000.000000000000000 +0.717715542770034 -0.000000060432066 +2.568387498363055 +0.000005810851139 +0.717715627401674 +0.000000000000000 +2.568379360599572 +0.000000000000000 +0.717715627401674 +0.000000000000000 +2.568379360599572 +0.000000000000000
 13  18 +0.600000030000000 +0.485991480000000 +0.060000000000000 +0.003440806536295 +1000.000000000000000 +0.717715542770034 -0.000000060432066 +2.568387498363069 +0.000005810851118 +0.717715627401674 +0.000000000000000 +2.568379360599572 +0.000000000000000 +0.717715627401674 +0.000000000000000 +2.568379360599572 +0.000000000000000
 13  19 +0.600000030000000 +0.485991490000000 +0.060000000000000 +0.003844760386149 +1000.000000000000000 +0.717715542770034 -0.000000060432066 +2.568387498363083 +0.000005810851098 +0.717715627401674 +0.000000000000000 +2.568379360599572 +0.000000000000000 +0.717715627401674 +0.000000000000000 +2.568379360599572 +0.000000000000000
 13  20 +0.600000030000000 +0.485991500000000 +0.060000000000000 +0.004052681608338 +1000.000000000000000 +0.717715542770033 -0.000000060432065 +2.568387498363098 +0.000005810851078 +0.717715627401674 +0.000000000000000 +2.568379360599572 +0.000000000000000 +0.717715627401674 +0.000000000000000 +2.568379360599572 +0.000000000000000
 14  15 +0.600000040000000 +0.485991450000000 +0.060000000000000 +0.004189134623623 +1000.000000000000000 +0.717715556599979 -0.000000060432062 +2.568387486958458 +0.000005810851157 +0.717715641231612 +0.000000000000000 +2.568379349194989 +0.000000000000000 +0.717715641231612 +0.000000000000000 +2.568379349194989 +0.000000000000000
 14  16 +0.600000040000000 +0.485991460000000 +0.060000000000000 +0.003960246287253 +1000.000000000000000 +0.717715556599979 -0.000000060432061 +2.568387486958472 +0.000005810851137 +0.717715641231612 +0.000000000000000 +2.568379349194989 +0.000000000000000 +0.717715641231612 +0.000000000000000 +2.568379349194989 +0.000000000000000
 14  17 +0.600000040000000 +0.485991470000000 +0.060000000000000 +0.003778193385283 +1000.000000000000000 +0.717715556599978 -0.000000060432061 +2.568387486958486 +0.000005810851117 +0.717715641231612 +0.000000000000000 +2.568379349194989 +0.000000000000000 +0.717715641231612 +0.000000000000000 +2.568379349194989 +0.000000000000000
 14  18 +0.600000040000000 +0.485991480000000 +0.060000000000000 +0.002336271823480 +1000.000000000000000 +0.717715556599978 -0.000000060432061 +2.568387486958501 +0.000005810851097 +0.717715641231612 +0.000000000000000 +2.568379349194989 +0.000000000000000 +0.717715641231612 +0.000000000000000 +2.568379349194989 +0.000000000000000
 14  19 +0.600000040000000 +0.485991490000000 +0.060000000000000 +0.003563043000100 +1000.000000000000000 +0.717715556599978 -0.000000060432061 +2.568387486958515 +0.000005810851077 +0.717715641231612 +0.000000000000000 +2.568379349194989 +0.000000000000000 +0.717715641231612 +0.000000000000000 +2.568379349194989 +0.000000000000000
 14  20 +0.600000040000000 +0.485991500000000 +0.060000000000000 +0.003856997630687 +1000.000000000000000 +0.717715556599978 -0.000000060432060 +2.568387486958529 +0.000005810851057 +0.717715641231612 +0.000000000000000 +2.568379349194989 +0.000000000000000 +0.717715641231612 +0.000000000000000 +2.568379349194989 +0.000000000000000
 15  16 +0.600000050000000 +0.485991460000000 +0.060000000000000 +0.004172950957096 +1000.000000000000000 +0.717715570429920 -0.000000060432056 +2.568387475553894 +0.000005810851116 +0.717715655061546 +0.000000000000000 +2.568379337790395 +0.000000000000000 +0.717715655061546 +0.000000000000000 +2.568379337790395 +0.000000000000000
 15  17 +0.600000050000000 +0.485991470000000 +0.060000000000000 +0.003946685761406 +1000.000000000000000 +0.717715570429919 -0.000000060432056 +2.568387475553908 +0.000005810851095 +0.717715655061546 +0.000000000000000 +2.568379337790395 +0.000000000000000 +0.717715655061546 +0.000000000000000 +2.568379337790395 +0.000000000000000
 15  18 +0.600000050000000 +0.485991480000000 +0.060000000000000 +0.003768762123032 +1000.000000000000000 +0.717715570429919 -0.000000060432056 +2.568387475553923 +0.000005810851075 +0.717715655061546 +0.000000000000000 +2.568379337790395 +0.000000000000000 +0.717715655061546 +0.000000000000000 +2.568379337790395 +0.000000000000000
 15  19 +0.600000050000000 +0.485991490000000 +0.060000000000000 +0.002090680780845 +1000.000000000000000 +0.717715570429919 -0.000000060432056 +2.568387475553937 +0.000005810851055 +0.717715655061546 +0.000000000000000 +2.568379337790395 +0.000000000000000 +0.717715655061546 +0.000000000000000 +2.568379337790395 +0.000000000000000
 15  20 +0.600000050000000 +0.485991500000000 +0.060000000000000 +0.003672982057627 +1000.000000000000000 +0.717715570429919 -0.000000060432056 +2.568387475553951 +0.000005810851035 +0.717715655061546 +0.000000000000000 +2.568379337790395 +0.000000000000000 +0.717715655061546 +0.000000000000000 +2.568379337790395 +0.000000000000000
 16  17 +0.600000060000000 +0.485991470000000 +0.060000000000000 +0.004157035536289 +1000.000000000000000 +0.717715584259857 -0.000000060432051 +2.568387464149335 +0.000005810851074 +0.717715668891478 +0.000000000000000 +2.568379326385806 +0.000000000000000 +0.717715668891478 +0.000000000000000 +2.568379326385806 +0.000000000000000
 16  18 +0.600000060000000 +0.485991480000000 +0.060000000000000 +0.003933480675677 +1000.000000000000000 +0.717715584259857 -0.000000060432051 +2.568387464149350 +0.000005810851054 +0.717715668891478 +0.000000000000000 +2.568379326385806 +0.000000000000000 +0.717715668891478 +0.000000000000000 +2.568379326385806 +0.000000000000000
 16  19 +0.600000060000000 +0.485991490000000 +0.060000000000000 +0.003758925427400 +1000.000000000000000 +0.717715584259857 -0.000000060432051 +2.568387464149364 +0.000005810851034 +0.717715668891478 +0.000000000000000 +2.568379326385806 +0.000000000000000 +0.717715668891478 +0.000000000000000 +2.568379326385806 +0.000000000000000
 16  20 +0.600000060000000 +0.485991500000000 +0.060000000000000 +0.001832185406800 +1000.000000000000000 +0.717715584259857 -0.000000060432051 +2.568387464149378 +0.000005810851014 +0.717715668891478 +0.000000000000000 +2.568379326385806 +0.000000000000000 +0.717715668891478 +0.000000000000000 +2.568379326385806 +0.000000000000000
 17  18 +0.600000070000000 +0.485991480000000 +0.060000000000000 +0.004141391459064 +1000.000000000000000 +0.717715598089809 -0.000000060432046 +2.568387452744779 +0.000005810851032 +0.717715682721423 +0.000000000000000 +2.568379314981221 +0.000000000000000 +0.717715682721423 +0.000000000000000 +2.568379314981221 +0.000000000000000
 17  19 +0.600000070000000 +0.485991490000000 +0.060000000000000 +0.003920634588371 +1000.000000000000000 +0.717715598089808 -0.000000060432046 +2.568387452744794 +0.000005810851012 +0.717715682721423 +0.000000000000000 +2.568379314981221 +0.000000000000000 +0.717715682721423 +0.000000000000000 +2.568379314981221 +0.000000000000000
 17  20 +0.600000070000000 +0.485991500000000 +0.060000000000000 +0.003749621674818 +1000.000000000000000 +0.717715598089808 -0.000000060432046 +2.568387452744808 +0.000005810850992 +0.717715682721423 +0.000000000000000 +2.568379314981221 +0.000000000000000 +0.717715682721423 +0.000000000000000 +2.568379314981221 +0.000000000000000
 18  19 +0.600000080000000 +0.485991490000000 +0.060000000000000 +0.004126021890677 +1000.000000000000000 +0.717715611919751 -0.000000060432041 +2.568387441340209 +0.000005810850991 +0.717715696551359 +0.000000000000000 +2.568379303576620 +0.000000000000000 +0.717715696551359 +0.000000000000000 +2.568379303576620 +0.000000000000000
 18  20 +0.600000080000000 +0.485991500000000 +0.060000000000000 +0.003908151129994 +1000.000000000000000 +0.717715611919751 -0.000000060432041 +2.568387441340223 +0.000005810850971 +0.717715696551359 +0.000000000000000 +2.568379303576620 +0.000000000000000 +0.717715696551359 +0.000000000000000 +2.568379303576620 +0.000000000000000
 19  20 +0.600000090000000 +0.485991500000000 +0.060000000000000 +0.004110929879039 +1000.000000000000000 +0.717715625749688 -0.000000060432036 +2.568387429935648 +0.000005810850949 +0.717715710381289 +0.000000000000000 +2.568379292172030 +0.000000000000000 +0.717715710381289 +0.000000000000000 +2.568379292172030 +0.000000000000000
