# i   j  Gamma              Lambda             paramK             distTrajToEq       integrationTime      startPtfi1         startPtV1          startPtfi2         startPtV2          sadfocPtfi1        sadfocPtV1         sadfocPtfi2        sadfocPtV2         saddlePtfi1        saddlePtV1         saddlePtfi2        saddlePtV2
# 0   1  2                  3                  4                  5                  6                    7                  8                  9                  10                 11                 12                 13                 14                 15                 16                 17                 18
  0   1 +0.599999900000000 +0.485991350000000 +0.060000000000000 +0.002041179929158 +1000.000000000000000 +0.717715362980794 -0.000000060432133 +2.568387646622350 +0.000005810851660 +0.717715447612516 +0.000000000000000 +2.568379508859242 +0.000000000000000 +0.717715447612516 +0.000000000000000 +2.568379508859242 +0.000000000000000
  0   2 +0.599999900000000 +0.485991400000000 +0.060000000000000 +0.004581863596625 +1000.000000000000000 +0.717715362980793 -0.000000060432132 +2.568387646622422 +0.000005810851559 +0.717715447612516 +0.000000000000000 +2.568379508859242 +0.000000000000000 +0.717715447612516 +0.000000000000000 +2.568379508859242 +0.000000000000000
  1   1 +0.599999950000000 +0.485991350000000 +0.060000000000000 +0.004591802683093 +1000.000000000000000 +0.717715432130495 -0.000000060432108 +2.568387589599487 +0.000005810851552 +0.717715516762185 +0.000000000000000 +2.568379451836301 +0.000000000000000 +0.717715516762185 +0.000000000000000 +2.568379451836301 +0.000000000000000
  1   2 +0.599999950000000 +0.485991400000000 +0.060000000000000 +0.001899376070558 +1000.000000000000000 +0.717715432130495 -0.000000060432107 +2.568387589599558 +0.000005810851452 +0.717715516762185 +0.000000000000000 +2.568379451836301 +0.000000000000000 +0.717715516762185 +0.000000000000000 +2.568379451836301 +0.000000000000000
  2   2 +0.600000000000000 +0.485991400000000 +0.060000000000000 +0.004509465671321 +1000.000000000000000 +0.717715501280208 -0.000000060432082 +2.568387532576689 +0.000005810851344 +0.717715585911866 +0.000000000000000 +2.568379394813353 +0.000000000000000 +0.717715585911866 +0.000000000000000 +2.568379394813353 +0.000000000000000
  2   3 +0.600000000000000 +0.485991450000000 +0.060000000000000 +0.002992891596503 +1000.000000000000000 +0.717715501280207 -0.000000060432081 +2.568387532576760 +0.000005810851243 +0.717715585911866 +0.000000000000000 +2.568379394813353 +0.000000000000000 +0.717715585911866 +0.000000000000000 +2.568379394813353 +0.000000000000000
  3   3 +0.600000050000000 +0.485991450000000 +0.060000000000000 +0.004422981102890 +1000.000000000000000 +0.717715570429920 -0.000000060432057 +2.568387475553880 +0.000005810851136 +0.717715655061546 +0.000000000000000 +2.568379337790395 +0.000000000000000 +0.717715655061546 +0.000000000000000 +2.568379337790395 +0.000000000000000
  3   4 +0.600000050000000 +0.485991500000000 +0.060000000000000 +0.003672982057627 +1000.000000000000000 +0.717715570429919 -0.000000060432056 +2.568387475553951 +0.000005810851035 +0.717715655061546 +0.000000000000000 +2.568379337790395 +0.000000000000000 +0.717715655061546 +0.000000000000000 +2.568379337790395 +0.000000000000000
  4   4 +0.600000100000000 +0.485991500000000 +0.060000000000000 +0.004338841925265 +1000.000000000000000 +0.717715639579638 -0.000000060432031 +2.568387418531075 +0.000005810850927 +0.717715724211233 +0.000000000000000 +2.568379280767441 +0.000000000000000 +0.717715724211233 +0.000000000000000 +2.568379280767441 +0.000000000000000
