# i   j  Gamma              Lambda             paramK             distTrajToEq       integrationTime      startPtfi1         startPtV1          startPtfi2         startPtV2          sadfocPtfi1        sadfocPtV1         sadfocPtfi2        sadfocPtV2         saddlePtfi1        saddlePtV1         saddlePtfi2        saddlePtV2
# 0   1  2                  3                  4                  5                  6                    7                  8                  9                  10                 11                 12                 13                 14                 15                 16                 17                 18
 16   0 +0.249999999976667 +0.198277817590000 +0.000000000000000 +0.000000702454204 +100.000000000000000 +0.252679956600832 +0.000000000000000 +2.888919646455366 +0.000006647596147 +0.252679956600832 +0.000000000000000 +2.888912175882063 +0.000000000000000 +0.252679956600832 +0.000000000000000 +2.888912175882063 +0.000000000000000
 16   1 +0.249999999976667 +0.198277817590333 +0.000000000000000 +0.000000879866800 +100.000000000000000 +0.252679956600832 +0.000000000000000 +2.888919646455366 +0.000006647596147 +0.252679956600832 +0.000000000000000 +2.888912175882063 +0.000000000000000 +0.252679956600832 +0.000000000000000 +2.888912175882063 +0.000000000000000
 16   2 +0.249999999976667 +0.198277817590667 +0.000000000000000 +0.000000980537290 +100.000000000000000 +0.252679956600832 +0.000000000000000 +2.888919646455366 +0.000006647596147 +0.252679956600832 +0.000000000000000 +2.888912175882063 +0.000000000000000 +0.252679956600832 +0.000000000000000 +2.888912175882063 +0.000000000000000
 17   0 +0.249999999978333 +0.198277817590000 +0.000000000000000 +0.000000671192988 +100.000000000000000 +0.252679956602556 +0.000000000000000 +2.888919646453667 +0.000006647596147 +0.252679956602556 +0.000000000000000 +2.888912175880364 +0.000000000000000 +0.252679956602556 +0.000000000000000 +2.888912175880364 +0.000000000000000
 17   1 +0.249999999978333 +0.198277817590333 +0.000000000000000 +0.000000427085279 +100.000000000000000 +0.252679956602556 +0.000000000000000 +2.888919646453667 +0.000006647596147 +0.252679956602556 +0.000000000000000 +2.888912175880364 +0.000000000000000 +0.252679956602556 +0.000000000000000 +2.888912175880364 +0.000000000000000
 17   2 +0.249999999978333 +0.198277817590667 +0.000000000000000 +0.000000370521853 +100.000000000000000 +0.252679956602556 +0.000000000000000 +2.888919646453667 +0.000006647596147 +0.252679956602556 +0.000000000000000 +2.888912175880364 +0.000000000000000 +0.252679956602556 +0.000000000000000 +2.888912175880364 +0.000000000000000
 17   3 +0.249999999978333 +0.198277817591000 +0.000000000000000 +0.000000555725529 +100.000000000000000 +0.252679956602556 +0.000000000000000 +2.888919646453667 +0.000006647596147 +0.252679956602556 +0.000000000000000 +2.888912175880364 +0.000000000000000 +0.252679956602556 +0.000000000000000 +2.888912175880364 +0.000000000000000
 17   4 +0.249999999978333 +0.198277817591333 +0.000000000000000 +0.000000695641971 +100.000000000000000 +0.252679956602556 +0.000000000000000 +2.888919646453667 +0.000006647596147 +0.252679956602556 +0.000000000000000 +2.888912175880364 +0.000000000000000 +0.252679956602556 +0.000000000000000 +2.888912175880364 +0.000000000000000
 17   5 +0.249999999978333 +0.198277817591667 +0.000000000000000 +0.000000874424751 +100.000000000000000 +0.252679956602556 +0.000000000000000 +2.888919646453667 +0.000006647596147 +0.252679956602556 +0.000000000000000 +2.888912175880364 +0.000000000000000 +0.252679956602556 +0.000000000000000 +2.888912175880364 +0.000000000000000
 17   6 +0.249999999978333 +0.198277817592000 +0.000000000000000 +0.000000975597164 +100.000000000000000 +0.252679956602556 +0.000000000000000 +2.888919646453667 +0.000006647596147 +0.252679956602556 +0.000000000000000 +2.888912175880364 +0.000000000000000 +0.252679956602556 +0.000000000000000 +2.888912175880364 +0.000000000000000
 18   0 +0.249999999980000 +0.198277817590000 +0.000000000000000 +0.000000487023125 +100.000000000000000 +0.252679956604277 +0.000000000000000 +2.888919646451924 +0.000006647596147 +0.252679956604277 +0.000000000000000 +2.888912175878622 +0.000000000000000 +0.252679956604277 +0.000000000000000 +2.888912175878622 +0.000000000000000
 18   1 +0.249999999980000 +0.198277817590333 +0.000000000000000 +0.000000334020681 +100.000000000000000 +0.252679956604277 +0.000000000000000 +2.888919646451924 +0.000006647596147 +0.252679956604277 +0.000000000000000 +2.888912175878622 +0.000000000000000 +0.252679956604277 +0.000000000000000 +2.888912175878622 +0.000000000000000
 18   2 +0.249999999980000 +0.198277817590667 +0.000000000000000 +0.000000464332710 +100.000000000000000 +0.252679956604277 +0.000000000000000 +2.888919646451924 +0.000006647596147 +0.252679956604277 +0.000000000000000 +2.888912175878622 +0.000000000000000 +0.252679956604277 +0.000000000000000 +2.888912175878622 +0.000000000000000
 18   3 +0.249999999980000 +0.198277817591000 +0.000000000000000 +0.000000655502273 +100.000000000000000 +0.252679956604277 +0.000000000000000 +2.888919646451924 +0.000006647596147 +0.252679956604277 +0.000000000000000 +2.888912175878622 +0.000000000000000 +0.252679956604277 +0.000000000000000 +2.888912175878622 +0.000000000000000
 18   4 +0.249999999980000 +0.198277817591333 +0.000000000000000 +0.000000678347522 +100.000000000000000 +0.252679956604277 +0.000000000000000 +2.888919646451924 +0.000006647596147 +0.252679956604277 +0.000000000000000 +2.888912175878622 +0.000000000000000 +0.252679956604277 +0.000000000000000 +2.888912175878622 +0.000000000000000
 18   5 +0.249999999980000 +0.198277817591667 +0.000000000000000 +0.000000443933887 +100.000000000000000 +0.252679956604277 +0.000000000000000 +2.888919646451924 +0.000006647596147 +0.252679956604277 +0.000000000000000 +2.888912175878622 +0.000000000000000 +0.252679956604277 +0.000000000000000 +2.888912175878622 +0.000000000000000
 18   6 +0.249999999980000 +0.198277817592000 +0.000000000000000 +0.000000361215444 +100.000000000000000 +0.252679956604277 +0.000000000000000 +2.888919646451924 +0.000006647596147 +0.252679956604277 +0.000000000000000 +2.888912175878622 +0.000000000000000 +0.252679956604277 +0.000000000000000 +2.888912175878622 +0.000000000000000
 18   7 +0.249999999980000 +0.198277817592333 +0.000000000000000 +0.000000550991384 +100.000000000000000 +0.252679956604277 +0.000000000000000 +2.888919646451924 +0.000006647596147 +0.252679956604277 +0.000000000000000 +2.888912175878622 +0.000000000000000 +0.252679956604277 +0.000000000000000 +2.888912175878622 +0.000000000000000
 18   8 +0.249999999980000 +0.198277817592667 +0.000000000000000 +0.000000687919590 +100.000000000000000 +0.252679956604277 +0.000000000000000 +2.888919646451924 +0.000006647596147 +0.252679956604277 +0.000000000000000 +2.888912175878622 +0.000000000000000 +0.252679956604277 +0.000000000000000 +2.888912175878622 +0.000000000000000
 18   9 +0.249999999980000 +0.198277817593000 +0.000000000000000 +0.000000865973801 +100.000000000000000 +0.252679956604277 +0.000000000000000 +2.888919646451924 +0.000006647596147 +0.252679956604277 +0.000000000000000 +2.888912175878622 +0.000000000000000 +0.252679956604277 +0.000000000000000 +2.888912175878622 +0.000000000000000
 18  10 +0.249999999980000 +0.198277817593333 +0.000000000000000 +0.000000970568347 +100.000000000000000 +0.252679956604277 +0.000000000000000 +2.888919646451924 +0.000006647596147 +0.252679956604277 +0.000000000000000 +2.888912175878622 +0.000000000000000 +0.252679956604277 +0.000000000000000 +2.888912175878622 +0.000000000000000
 19   0 +0.249999999981667 +0.198277817590000 +0.000000000000000 +0.000000746541605 +100.000000000000000 +0.252679956606045 +0.000000000000000 +2.888919646450140 +0.000006647596147 +0.252679956606045 +0.000000000000000 +2.888912175876837 +0.000000000000000 +0.252679956606045 +0.000000000000000 +2.888912175876837 +0.000000000000000
 19   1 +0.249999999981667 +0.198277817590333 +0.000000000000000 +0.000000496631289 +100.000000000000000 +0.252679956606045 +0.000000000000000 +2.888919646450140 +0.000006647596147 +0.252679956606045 +0.000000000000000 +2.888912175876837 +0.000000000000000 +0.252679956606045 +0.000000000000000 +2.888912175876837 +0.000000000000000
 19   2 +0.249999999981667 +0.198277817590667 +0.000000000000000 +0.000000316649342 +100.000000000000000 +0.252679956606045 +0.000000000000000 +2.888919646450140 +0.000006647596147 +0.252679956606045 +0.000000000000000 +2.888912175876837 +0.000000000000000 +0.252679956606045 +0.000000000000000 +2.888912175876837 +0.000000000000000
 19   3 +0.249999999981667 +0.198277817591000 +0.000000000000000 +0.000000520510551 +100.000000000000000 +0.252679956606045 +0.000000000000000 +2.888919646450140 +0.000006647596147 +0.252679956606045 +0.000000000000000 +2.888912175876837 +0.000000000000000 +0.252679956606045 +0.000000000000000 +2.888912175876837 +0.000000000000000
 19   4 +0.249999999981667 +0.198277817591333 +0.000000000000000 +0.000000495725372 +100.000000000000000 +0.252679956606045 +0.000000000000000 +2.888919646450140 +0.000006647596147 +0.252679956606045 +0.000000000000000 +2.888912175876837 +0.000000000000000 +0.252679956606045 +0.000000000000000 +2.888912175876837 +0.000000000000000
 19   5 +0.249999999981667 +0.198277817591667 +0.000000000000000 +0.000000329636353 +100.000000000000000 +0.252679956606045 +0.000000000000000 +2.888919646450140 +0.000006647596147 +0.252679956606045 +0.000000000000000 +2.888912175876837 +0.000000000000000 +0.252679956606045 +0.000000000000000 +2.888912175876837 +0.000000000000000
 19   6 +0.249999999981667 +0.198277817592000 +0.000000000000000 +0.000000485295846 +100.000000000000000 +0.252679956606045 +0.000000000000000 +2.888919646450140 +0.000006647596147 +0.252679956606045 +0.000000000000000 +2.888912175876837 +0.000000000000000 +0.252679956606045 +0.000000000000000 +2.888912175876837 +0.000000000000000
 19   7 +0.249999999981667 +0.198277817592333 +0.000000000000000 +0.000000649246668 +100.000000000000000 +0.252679956606045 +0.000000000000000 +2.888919646450140 +0.000006647596147 +0.252679956606045 +0.000000000000000 +2.888912175876837 +0.000000000000000 +0.252679956606045 +0.000000000000000 +2.888912175876837 +0.000000000000000
 19   8 +0.249999999981667 +0.198277817592667 +0.000000000000000 +0.000000685382763 +100.000000000000000 +0.252679956606045 +0.000000000000000 +2.888919646450140 +0.000006647596147 +0.252679956606045 +0.000000000000000 +2.888912175876837 +0.000000000000000 +0.252679956606045 +0.000000000000000 +2.888912175876837 +0.000000000000000
 19   9 +0.249999999981667 +0.198277817593000 +0.000000000000000 +0.000000455616414 +100.000000000000000 +0.252679956606045 +0.000000000000000 +2.888919646450140 +0.000006647596147 +0.252679956606045 +0.000000000000000 +2.888912175876837 +0.000000000000000 +0.252679956606045 +0.000000000000000 +2.888912175876837 +0.000000000000000
 19  10 +0.249999999981667 +0.198277817593333 +0.000000000000000 +0.000000348663210 +100.000000000000000 +0.252679956606045 +0.000000000000000 +2.888919646450140 +0.000006647596147 +0.252679956606045 +0.000000000000000 +2.888912175876837 +0.000000000000000 +0.252679956606045 +0.000000000000000 +2.888912175876837 +0.000000000000000
 19  11 +0.249999999981667 +0.198277817593667 +0.000000000000000 +0.000000540403053 +100.000000000000000 +0.252679956606045 +0.000000000000000 +2.888919646450140 +0.000006647596147 +0.252679956606045 +0.000000000000000 +2.888912175876837 +0.000000000000000 +0.252679956606045 +0.000000000000000 +2.888912175876837 +0.000000000000000
 19  12 +0.249999999981667 +0.198277817594000 +0.000000000000000 +0.000000680869529 +100.000000000000000 +0.252679956606045 +0.000000000000000 +2.888919646450140 +0.000006647596147 +0.252679956606045 +0.000000000000000 +2.888912175876837 +0.000000000000000 +0.252679956606045 +0.000000000000000 +2.888912175876837 +0.000000000000000
 19  13 +0.249999999981667 +0.198277817594333 +0.000000000000000 +0.000000858228474 +100.000000000000000 +0.252679956606045 +0.000000000000000 +2.888919646450140 +0.000006647596147 +0.252679956606045 +0.000000000000000 +2.888912175876837 +0.000000000000000 +0.252679956606045 +0.000000000000000 +2.888912175876837 +0.000000000000000
 19  14 +0.249999999981667 +0.198277817594667 +0.000000000000000 +0.000000965930488 +100.000000000000000 +0.252679956606045 +0.000000000000000 +2.888919646450140 +0.000006647596147 +0.252679956606045 +0.000000000000000 +2.888912175876837 +0.000000000000000 +0.252679956606045 +0.000000000000000 +2.888912175876837 +0.000000000000000
 20   3 +0.249999999983333 +0.198277817591000 +0.000000000000000 +0.000000891354230 +100.000000000000000 +0.252679956607762 +0.000000000000000 +2.888919646448437 +0.000006647596147 +0.252679956607762 +0.000000000000000 +2.888912175875134 +0.000000000000000 +0.252679956607762 +0.000000000000000 +2.888912175875134 +0.000000000000000
 20   4 +0.249999999983333 +0.198277817591333 +0.000000000000000 +0.000000758712060 +100.000000000000000 +0.252679956607762 +0.000000000000000 +2.888919646448437 +0.000006647596147 +0.252679956607762 +0.000000000000000 +2.888912175875134 +0.000000000000000 +0.252679956607762 +0.000000000000000 +2.888912175875134 +0.000000000000000
 20   5 +0.249999999983333 +0.198277817591667 +0.000000000000000 +0.000000502173528 +100.000000000000000 +0.252679956607762 +0.000000000000000 +2.888919646448437 +0.000006647596147 +0.252679956607762 +0.000000000000000 +2.888912175875134 +0.000000000000000 +0.252679956607762 +0.000000000000000 +2.888912175875134 +0.000000000000000
 20   6 +0.249999999983333 +0.198277817592000 +0.000000000000000 +0.000000312997603 +100.000000000000000 +0.252679956607762 +0.000000000000000 +2.888919646448437 +0.000006647596147 +0.252679956607762 +0.000000000000000 +2.888912175875134 +0.000000000000000 +0.252679956607762 +0.000000000000000 +2.888912175875134 +0.000000000000000
 20   7 +0.249999999983333 +0.198277817592333 +0.000000000000000 +0.000000512410594 +100.000000000000000 +0.252679956607762 +0.000000000000000 +2.888919646448437 +0.000006647596147 +0.252679956607762 +0.000000000000000 +2.888912175875134 +0.000000000000000 +0.252679956607762 +0.000000000000000 +2.888912175875134 +0.000000000000000
 20   8 +0.249999999983333 +0.198277817592667 +0.000000000000000 +0.000000506158505 +100.000000000000000 +0.252679956607762 +0.000000000000000 +2.888919646448437 +0.000006647596147 +0.252679956607762 +0.000000000000000 +2.888912175875134 +0.000000000000000 +0.252679956607762 +0.000000000000000 +2.888912175875134 +0.000000000000000
 20   9 +0.249999999983333 +0.198277817593000 +0.000000000000000 +0.000000326193140 +100.000000000000000 +0.252679956607762 +0.000000000000000 +2.888919646448437 +0.000006647596147 +0.252679956607762 +0.000000000000000 +2.888912175875134 +0.000000000000000 +0.252679956607762 +0.000000000000000 +2.888912175875134 +0.000000000000000
 20  10 +0.249999999983333 +0.198277817593333 +0.000000000000000 +0.000000476436987 +100.000000000000000 +0.252679956607762 +0.000000000000000 +2.888919646448437 +0.000006647596147 +0.252679956607762 +0.000000000000000 +2.888912175875134 +0.000000000000000 +0.252679956607762 +0.000000000000000 +2.888912175875134 +0.000000000000000
 20  11 +0.249999999983333 +0.198277817593667 +0.000000000000000 +0.000000643375488 +100.000000000000000 +0.252679956607762 +0.000000000000000 +2.888919646448437 +0.000006647596147 +0.252679956607762 +0.000000000000000 +2.888912175875134 +0.000000000000000 +0.252679956607762 +0.000000000000000 +2.888912175875134 +0.000000000000000
 20  12 +0.249999999983333 +0.198277817594000 +0.000000000000000 +0.000000693852423 +100.000000000000000 +0.252679956607762 +0.000000000000000 +2.888919646448437 +0.000006647596147 +0.252679956607762 +0.000000000000000 +2.888912175875134 +0.000000000000000 +0.252679956607762 +0.000000000000000 +2.888912175875134 +0.000000000000000
 20  13 +0.249999999983333 +0.198277817594333 +0.000000000000000 +0.000000465678512 +100.000000000000000 +0.252679956607762 +0.000000000000000 +2.888919646448437 +0.000006647596147 +0.252679956607762 +0.000000000000000 +2.888912175875134 +0.000000000000000 +0.252679956607762 +0.000000000000000 +2.888912175875134 +0.000000000000000
 20  14 +0.249999999983333 +0.198277817594667 +0.000000000000000 +0.000000338114624 +100.000000000000000 +0.252679956607762 +0.000000000000000 +2.888919646448437 +0.000006647596147 +0.252679956607762 +0.000000000000000 +2.888912175875134 +0.000000000000000 +0.252679956607762 +0.000000000000000 +2.888912175875134 +0.000000000000000
 20  15 +0.249999999983333 +0.198277817595000 +0.000000000000000 +0.000000529480972 +100.000000000000000 +0.252679956607762 +0.000000000000000 +2.888919646448437 +0.000006647596147 +0.252679956607762 +0.000000000000000 +2.888912175875134 +0.000000000000000 +0.252679956607762 +0.000000000000000 +2.888912175875134 +0.000000000000000
 20  16 +0.249999999983333 +0.198277817595333 +0.000000000000000 +0.000000673650916 +100.000000000000000 +0.252679956607762 +0.000000000000000 +2.888919646448437 +0.000006647596147 +0.252679956607762 +0.000000000000000 +2.888912175875134 +0.000000000000000 +0.252679956607762 +0.000000000000000 +2.888912175875134 +0.000000000000000
 20  17 +0.249999999983333 +0.198277817595667 +0.000000000000000 +0.000000849108141 +100.000000000000000 +0.252679956607762 +0.000000000000000 +2.888919646448437 +0.000006647596147 +0.252679956607762 +0.000000000000000 +2.888912175875134 +0.000000000000000 +0.252679956607762 +0.000000000000000 +2.888912175875134 +0.000000000000000
 20  18 +0.249999999983333 +0.198277817596000 +0.000000000000000 +0.000000961141969 +100.000000000000000 +0.252679956607762 +0.000000000000000 +2.888919646448437 +0.000006647596147 +0.252679956607762 +0.000000000000000 +2.888912175875134 +0.000000000000000 +0.252679956607762 +0.000000000000000 +2.888912175875134 +0.000000000000000
 21   7 +0.249999999985000 +0.198277817592333 +0.000000000000000 +0.000000893118239 +100.000000000000000 +0.252679956609438 +0.000000000000000 +2.888919646446757 +0.000006647596147 +0.252679956609438 +0.000000000000000 +2.888912175873455 +0.000000000000000 +0.252679956609438 +0.000000000000000 +2.888912175873455 +0.000000000000000
 21   8 +0.249999999985000 +0.198277817592667 +0.000000000000000 +0.000000772462518 +100.000000000000000 +0.252679956609438 +0.000000000000000 +2.888919646446757 +0.000006647596147 +0.252679956609438 +0.000000000000000 +2.888912175873455 +0.000000000000000 +0.252679956609438 +0.000000000000000 +2.888912175873455 +0.000000000000000
 21   9 +0.249999999985000 +0.198277817593000 +0.000000000000000 +0.000000506234739 +100.000000000000000 +0.252679956609438 +0.000000000000000 +2.888919646446757 +0.000006647596147 +0.252679956609438 +0.000000000000000 +2.888912175873455 +0.000000000000000 +0.252679956609438 +0.000000000000000 +2.888912175873455 +0.000000000000000
 21  10 +0.249999999985000 +0.198277817593333 +0.000000000000000 +0.000000310764420 +100.000000000000000 +0.252679956609438 +0.000000000000000 +2.888919646446757 +0.000006647596147 +0.252679956609438 +0.000000000000000 +2.888912175873455 +0.000000000000000 +0.252679956609438 +0.000000000000000 +2.888912175873455 +0.000000000000000
 21  11 +0.249999999985000 +0.198277817593667 +0.000000000000000 +0.000000505685809 +100.000000000000000 +0.252679956609438 +0.000000000000000 +2.888919646446757 +0.000006647596147 +0.252679956609438 +0.000000000000000 +2.888912175873455 +0.000000000000000 +0.252679956609438 +0.000000000000000 +2.888912175873455 +0.000000000000000
 21  12 +0.249999999985000 +0.198277817594000 +0.000000000000000 +0.000000515890174 +100.000000000000000 +0.252679956609438 +0.000000000000000 +2.888919646446757 +0.000006647596147 +0.252679956609438 +0.000000000000000 +2.888912175873455 +0.000000000000000 +0.252679956609438 +0.000000000000000 +2.888912175873455 +0.000000000000000
 21  13 +0.249999999985000 +0.198277817594333 +0.000000000000000 +0.000000323132192 +100.000000000000000 +0.252679956609438 +0.000000000000000 +2.888919646446757 +0.000006647596147 +0.252679956609438 +0.000000000000000 +2.888912175873455 +0.000000000000000 +0.252679956609438 +0.000000000000000 +2.888912175873455 +0.000000000000000
 21  14 +0.249999999985000 +0.198277817594667 +0.000000000000000 +0.000000468043291 +100.000000000000000 +0.252679956609438 +0.000000000000000 +2.888919646446757 +0.000006647596147 +0.252679956609438 +0.000000000000000 +2.888912175873455 +0.000000000000000 +0.252679956609438 +0.000000000000000 +2.888912175873455 +0.000000000000000
 21  15 +0.249999999985000 +0.198277817595000 +0.000000000000000 +0.000000637891455 +100.000000000000000 +0.252679956609438 +0.000000000000000 +2.888919646446757 +0.000006647596147 +0.252679956609438 +0.000000000000000 +2.888912175873455 +0.000000000000000 +0.252679956609438 +0.000000000000000 +2.888912175873455 +0.000000000000000
 21  16 +0.249999999985000 +0.198277817595333 +0.000000000000000 +0.000000701276163 +100.000000000000000 +0.252679956609438 +0.000000000000000 +2.888919646446757 +0.000006647596147 +0.252679956609438 +0.000000000000000 +2.888912175873455 +0.000000000000000 +0.252679956609438 +0.000000000000000 +2.888912175873455 +0.000000000000000
 21  17 +0.249999999985000 +0.198277817595667 +0.000000000000000 +0.000000476025188 +100.000000000000000 +0.252679956609438 +0.000000000000000 +2.888919646446757 +0.000006647596147 +0.252679956609438 +0.000000000000000 +2.888912175873455 +0.000000000000000 +0.252679956609438 +0.000000000000000 +2.888912175873455 +0.000000000000000
 21  18 +0.249999999985000 +0.198277817596000 +0.000000000000000 +0.000000329081331 +100.000000000000000 +0.252679956609438 +0.000000000000000 +2.888919646446757 +0.000006647596147 +0.252679956609438 +0.000000000000000 +2.888912175873455 +0.000000000000000 +0.252679956609438 +0.000000000000000 +2.888912175873455 +0.000000000000000
 21  19 +0.249999999985000 +0.198277817596333 +0.000000000000000 +0.000000518527333 +100.000000000000000 +0.252679956609438 +0.000000000000000 +2.888919646446757 +0.000006647596147 +0.252679956609438 +0.000000000000000 +2.888912175873455 +0.000000000000000 +0.252679956609438 +0.000000000000000 +2.888912175873455 +0.000000000000000
 21  20 +0.249999999985000 +0.198277817596667 +0.000000000000000 +0.000000666750169 +100.000000000000000 +0.252679956609438 +0.000000000000000 +2.888919646446757 +0.000006647596147 +0.252679956609438 +0.000000000000000 +2.888912175873455 +0.000000000000000 +0.252679956609438 +0.000000000000000 +2.888912175873455 +0.000000000000000
 21  21 +0.249999999985000 +0.198277817597000 +0.000000000000000 +0.000000840784397 +100.000000000000000 +0.252679956609438 +0.000000000000000 +2.888919646446757 +0.000006647596147 +0.252679956609438 +0.000000000000000 +2.888912175873455 +0.000000000000000 +0.252679956609438 +0.000000000000000 +2.888912175873455 +0.000000000000000
 21  22 +0.249999999985000 +0.198277817597333 +0.000000000000000 +0.000000956436789 +100.000000000000000 +0.252679956609438 +0.000000000000000 +2.888919646446757 +0.000006647596147 +0.252679956609438 +0.000000000000000 +2.888912175873455 +0.000000000000000 +0.252679956609438 +0.000000000000000 +2.888912175873455 +0.000000000000000
 22  11 +0.249999999986667 +0.198277817593667 +0.000000000000000 +0.000000885955752 +100.000000000000000 +0.252679956611161 +0.000000000000000 +2.888919646445059 +0.000006647596147 +0.252679956611161 +0.000000000000000 +2.888912175871757 +0.000000000000000 +0.252679956611161 +0.000000000000000 +2.888912175871757 +0.000000000000000
 22  12 +0.249999999986667 +0.198277817594000 +0.000000000000000 +0.000000767898671 +100.000000000000000 +0.252679956611161 +0.000000000000000 +2.888919646445059 +0.000006647596147 +0.252679956611161 +0.000000000000000 +2.888912175871757 +0.000000000000000 +0.252679956611161 +0.000000000000000 +2.888912175871757 +0.000000000000000
 22  13 +0.249999999986667 +0.198277817594333 +0.000000000000000 +0.000000510687577 +100.000000000000000 +0.252679956611161 +0.000000000000000 +2.888919646445059 +0.000006647596147 +0.252679956611161 +0.000000000000000 +2.888912175871757 +0.000000000000000 +0.252679956611161 +0.000000000000000 +2.888912175871757 +0.000000000000000
 22  14 +0.249999999986667 +0.198277817594667 +0.000000000000000 +0.000000308762288 +100.000000000000000 +0.252679956611161 +0.000000000000000 +2.888919646445059 +0.000006647596147 +0.252679956611161 +0.000000000000000 +2.888912175871757 +0.000000000000000 +0.252679956611161 +0.000000000000000 +2.888912175871757 +0.000000000000000
 22  15 +0.249999999986667 +0.198277817595000 +0.000000000000000 +0.000000443063055 +100.000000000000000 +0.252679956611161 +0.000000000000000 +2.888919646445059 +0.000006647596147 +0.252679956611161 +0.000000000000000 +2.888912175871757 +0.000000000000000 +0.252679956611161 +0.000000000000000 +2.888912175871757 +0.000000000000000
 22  16 +0.249999999986667 +0.198277817595333 +0.000000000000000 +0.000000526186868 +100.000000000000000 +0.252679956611161 +0.000000000000000 +2.888919646445059 +0.000006647596147 +0.252679956611161 +0.000000000000000 +2.888912175871757 +0.000000000000000 +0.252679956611161 +0.000000000000000 +2.888912175871757 +0.000000000000000
 22  17 +0.249999999986667 +0.198277817595667 +0.000000000000000 +0.000000317470472 +100.000000000000000 +0.252679956611161 +0.000000000000000 +2.888919646445059 +0.000006647596147 +0.252679956611161 +0.000000000000000 +2.888912175871757 +0.000000000000000 +0.252679956611161 +0.000000000000000 +2.888912175871757 +0.000000000000000
 22  18 +0.249999999986667 +0.198277817596000 +0.000000000000000 +0.000000459688714 +100.000000000000000 +0.252679956611161 +0.000000000000000 +2.888919646445059 +0.000006647596147 +0.252679956611161 +0.000000000000000 +2.888912175871757 +0.000000000000000 +0.252679956611161 +0.000000000000000 +2.888912175871757 +0.000000000000000
 22  19 +0.249999999986667 +0.198277817596333 +0.000000000000000 +0.000000632505206 +100.000000000000000 +0.252679956611161 +0.000000000000000 +2.888919646445059 +0.000006647596147 +0.252679956611161 +0.000000000000000 +2.888912175871757 +0.000000000000000 +0.252679956611161 +0.000000000000000 +2.888912175871757 +0.000000000000000
 22  20 +0.249999999986667 +0.198277817596667 +0.000000000000000 +0.000000708935310 +100.000000000000000 +0.252679956611161 +0.000000000000000 +2.888919646445059 +0.000006647596147 +0.252679956611161 +0.000000000000000 +2.888912175871757 +0.000000000000000 +0.252679956611161 +0.000000000000000 +2.888912175871757 +0.000000000000000
 22  21 +0.249999999986667 +0.198277817597000 +0.000000000000000 +0.000000486305706 +100.000000000000000 +0.252679956611161 +0.000000000000000 +2.888919646445059 +0.000006647596147 +0.252679956611161 +0.000000000000000 +2.888912175871757 +0.000000000000000 +0.252679956611161 +0.000000000000000 +2.888912175871757 +0.000000000000000
 22  22 +0.249999999986667 +0.198277817597333 +0.000000000000000 +0.000000320572522 +100.000000000000000 +0.252679956611161 +0.000000000000000 +2.888919646445059 +0.000006647596147 +0.252679956611161 +0.000000000000000 +2.888912175871757 +0.000000000000000 +0.252679956611161 +0.000000000000000 +2.888912175871757 +0.000000000000000
 22  23 +0.249999999986667 +0.198277817597667 +0.000000000000000 +0.000000507068047 +100.000000000000000 +0.252679956611161 +0.000000000000000 +2.888919646445059 +0.000006647596147 +0.252679956611161 +0.000000000000000 +2.888912175871757 +0.000000000000000 +0.252679956611161 +0.000000000000000 +2.888912175871757 +0.000000000000000
 22  24 +0.249999999986667 +0.198277817598000 +0.000000000000000 +0.000000659212028 +100.000000000000000 +0.252679956611161 +0.000000000000000 +2.888919646445059 +0.000006647596147 +0.252679956611161 +0.000000000000000 +2.888912175871757 +0.000000000000000 +0.252679956611161 +0.000000000000000 +2.888912175871757 +0.000000000000000
 22  25 +0.249999999986667 +0.198277817598333 +0.000000000000000 +0.000000832722521 +100.000000000000000 +0.252679956611161 +0.000000000000000 +2.888919646445059 +0.000006647596147 +0.252679956611161 +0.000000000000000 +2.888912175871757 +0.000000000000000 +0.252679956611161 +0.000000000000000 +2.888912175871757 +0.000000000000000
 22  26 +0.249999999986667 +0.198277817598667 +0.000000000000000 +0.000000951708380 +100.000000000000000 +0.252679956611161 +0.000000000000000 +2.888919646445059 +0.000006647596147 +0.252679956611161 +0.000000000000000 +2.888912175871757 +0.000000000000000 +0.252679956611161 +0.000000000000000 +2.888912175871757 +0.000000000000000
 23  15 +0.249999999988333 +0.198277817595000 +0.000000000000000 +0.000000889055056 +100.000000000000000 +0.252679956612882 +0.000000000000000 +2.888919646443317 +0.000006647596147 +0.252679956612882 +0.000000000000000 +2.888912175870014 +0.000000000000000 +0.252679956612882 +0.000000000000000 +2.888912175870014 +0.000000000000000
 23  16 +0.249999999988333 +0.198277817595333 +0.000000000000000 +0.000000758951896 +100.000000000000000 +0.252679956612882 +0.000000000000000 +2.888919646443317 +0.000006647596147 +0.252679956612882 +0.000000000000000 +2.888912175870014 +0.000000000000000 +0.252679956612882 +0.000000000000000 +2.888912175870014 +0.000000000000000
 23  17 +0.249999999988333 +0.198277817595667 +0.000000000000000 +0.000000516637031 +100.000000000000000 +0.252679956612882 +0.000000000000000 +2.888919646443317 +0.000006647596147 +0.252679956612882 +0.000000000000000 +2.888912175870014 +0.000000000000000 +0.252679956612882 +0.000000000000000 +2.888912175870014 +0.000000000000000
 23  18 +0.249999999988333 +0.198277817596000 +0.000000000000000 +0.000000307244309 +100.000000000000000 +0.252679956612882 +0.000000000000000 +2.888919646443317 +0.000006647596147 +0.252679956612882 +0.000000000000000 +2.888912175870014 +0.000000000000000 +0.252679956612882 +0.000000000000000 +2.888912175870014 +0.000000000000000
 23  19 +0.249999999988333 +0.198277817596333 +0.000000000000000 +0.000000491960860 +100.000000000000000 +0.252679956612882 +0.000000000000000 +2.888919646443317 +0.000006647596147 +0.252679956612882 +0.000000000000000 +2.888912175870014 +0.000000000000000 +0.252679956612882 +0.000000000000000 +2.888912175870014 +0.000000000000000
 23  20 +0.249999999988333 +0.198277817596667 +0.000000000000000 +0.000000537658702 +100.000000000000000 +0.252679956612882 +0.000000000000000 +2.888919646443317 +0.000006647596147 +0.252679956612882 +0.000000000000000 +2.888912175870014 +0.000000000000000 +0.252679956612882 +0.000000000000000 +2.888912175870014 +0.000000000000000
 23  21 +0.249999999988333 +0.198277817597000 +0.000000000000000 +0.000000309597087 +100.000000000000000 +0.252679956612882 +0.000000000000000 +2.888919646443317 +0.000006647596147 +0.252679956612882 +0.000000000000000 +2.888912175870014 +0.000000000000000 +0.252679956612882 +0.000000000000000 +2.888912175870014 +0.000000000000000
 23  22 +0.249999999988333 +0.198277817597333 +0.000000000000000 +0.000000451754301 +100.000000000000000 +0.252679956612882 +0.000000000000000 +2.888919646443317 +0.000006647596147 +0.252679956612882 +0.000000000000000 +2.888912175870014 +0.000000000000000 +0.252679956612882 +0.000000000000000 +2.888912175870014 +0.000000000000000
 23  23 +0.249999999988333 +0.198277817597667 +0.000000000000000 +0.000000627188952 +100.000000000000000 +0.252679956612882 +0.000000000000000 +2.888919646443317 +0.000006647596147 +0.252679956612882 +0.000000000000000 +2.888912175870014 +0.000000000000000 +0.252679956612882 +0.000000000000000 +2.888912175870014 +0.000000000000000
 23  24 +0.249999999988333 +0.198277817598000 +0.000000000000000 +0.000000716840147 +100.000000000000000 +0.252679956612882 +0.000000000000000 +2.888919646443317 +0.000006647596147 +0.252679956612882 +0.000000000000000 +2.888912175870014 +0.000000000000000 +0.252679956612882 +0.000000000000000 +2.888912175870014 +0.000000000000000
 23  25 +0.249999999988333 +0.198277817598333 +0.000000000000000 +0.000000497466268 +100.000000000000000 +0.252679956612882 +0.000000000000000 +2.888919646443317 +0.000006647596147 +0.252679956612882 +0.000000000000000 +2.888912175870014 +0.000000000000000 +0.252679956612882 +0.000000000000000 +2.888912175870014 +0.000000000000000
 23  26 +0.249999999988333 +0.198277817598667 +0.000000000000000 +0.000000314195530 +100.000000000000000 +0.252679956612882 +0.000000000000000 +2.888919646443317 +0.000006647596147 +0.252679956612882 +0.000000000000000 +2.888912175870014 +0.000000000000000 +0.252679956612882 +0.000000000000000 +2.888912175870014 +0.000000000000000
 23  27 +0.249999999988333 +0.198277817599000 +0.000000000000000 +0.000000496393414 +100.000000000000000 +0.252679956612882 +0.000000000000000 +2.888919646443317 +0.000006647596147 +0.252679956612882 +0.000000000000000 +2.888912175870014 +0.000000000000000 +0.252679956612882 +0.000000000000000 +2.888912175870014 +0.000000000000000
 23  28 +0.249999999988333 +0.198277817599333 +0.000000000000000 +0.000000652651934 +100.000000000000000 +0.252679956612882 +0.000000000000000 +2.888919646443317 +0.000006647596147 +0.252679956612882 +0.000000000000000 +2.888912175870014 +0.000000000000000 +0.252679956612882 +0.000000000000000 +2.888912175870014 +0.000000000000000
 23  29 +0.249999999988333 +0.198277817599667 +0.000000000000000 +0.000000823829239 +100.000000000000000 +0.252679956612882 +0.000000000000000 +2.888919646443317 +0.000006647596147 +0.252679956612882 +0.000000000000000 +2.888912175870014 +0.000000000000000 +0.252679956612882 +0.000000000000000 +2.888912175870014 +0.000000000000000
 23  30 +0.249999999988333 +0.198277817600000 +0.000000000000000 +0.000000946859579 +100.000000000000000 +0.252679956612882 +0.000000000000000 +2.888919646443317 +0.000006647596147 +0.252679956612882 +0.000000000000000 +2.888912175870014 +0.000000000000000 +0.252679956612882 +0.000000000000000 +2.888912175870014 +0.000000000000000
 24  19 +0.249999999990000 +0.198277817596333 +0.000000000000000 +0.000000945732481 +100.000000000000000 +0.252679956614625 +0.000000000000000 +2.888919646441567 +0.000006647596147 +0.252679956614625 +0.000000000000000 +2.888912175868264 +0.000000000000000 +0.252679956614625 +0.000000000000000 +2.888912175868264 +0.000000000000000
 24  20 +0.249999999990000 +0.198277817596667 +0.000000000000000 +0.000000761072761 +100.000000000000000 +0.252679956614625 +0.000000000000000 +2.888919646441567 +0.000006647596147 +0.252679956614625 +0.000000000000000 +2.888912175868264 +0.000000000000000 +0.252679956614625 +0.000000000000000 +2.888912175868264 +0.000000000000000
 24  21 +0.249999999990000 +0.198277817597000 +0.000000000000000 +0.000000520921085 +100.000000000000000 +0.252679956614625 +0.000000000000000 +2.888919646441567 +0.000006647596147 +0.252679956614625 +0.000000000000000 +2.888912175868264 +0.000000000000000 +0.252679956614625 +0.000000000000000 +2.888912175868264 +0.000000000000000
 24  22 +0.249999999990000 +0.198277817597333 +0.000000000000000 +0.000000305996180 +100.000000000000000 +0.252679956614625 +0.000000000000000 +2.888919646441567 +0.000006647596147 +0.252679956614625 +0.000000000000000 +2.888912175868264 +0.000000000000000 +0.252679956614625 +0.000000000000000 +2.888912175868264 +0.000000000000000
 24  23 +0.249999999990000 +0.198277817597667 +0.000000000000000 +0.000000458346566 +100.000000000000000 +0.252679956614625 +0.000000000000000 +2.888919646441567 +0.000006647596147 +0.252679956614625 +0.000000000000000 +2.888912175868264 +0.000000000000000 +0.252679956614625 +0.000000000000000 +2.888912175868264 +0.000000000000000
 24  24 +0.249999999990000 +0.198277817598000 +0.000000000000000 +0.000000548550534 +100.000000000000000 +0.252679956614625 +0.000000000000000 +2.888919646441567 +0.000006647596147 +0.252679956614625 +0.000000000000000 +2.888912175868264 +0.000000000000000 +0.252679956614625 +0.000000000000000 +2.888912175868264 +0.000000000000000
 24  25 +0.249999999990000 +0.198277817598333 +0.000000000000000 +0.000000303135183 +100.000000000000000 +0.252679956614625 +0.000000000000000 +2.888919646441567 +0.000006647596147 +0.252679956614625 +0.000000000000000 +2.888912175868264 +0.000000000000000 +0.252679956614625 +0.000000000000000 +2.888912175868264 +0.000000000000000
 24  26 +0.249999999990000 +0.198277817598667 +0.000000000000000 +0.000000444355488 +100.000000000000000 +0.252679956614625 +0.000000000000000 +2.888919646441567 +0.000006647596147 +0.252679956614625 +0.000000000000000 +2.888912175868264 +0.000000000000000 +0.252679956614625 +0.000000000000000 +2.888912175868264 +0.000000000000000
 24  27 +0.249999999990000 +0.198277817599000 +0.000000000000000 +0.000000622044991 +100.000000000000000 +0.252679956614625 +0.000000000000000 +2.888919646441567 +0.000006647596147 +0.252679956614625 +0.000000000000000 +2.888912175868264 +0.000000000000000 +0.252679956614625 +0.000000000000000 +2.888912175868264 +0.000000000000000
 24  28 +0.249999999990000 +0.198277817599333 +0.000000000000000 +0.000000724310656 +100.000000000000000 +0.252679956614625 +0.000000000000000 +2.888919646441567 +0.000006647596147 +0.252679956614625 +0.000000000000000 +2.888912175868264 +0.000000000000000 +0.252679956614625 +0.000000000000000 +2.888912175868264 +0.000000000000000
 24  29 +0.249999999990000 +0.198277817599667 +0.000000000000000 +0.000000507981131 +100.000000000000000 +0.252679956614625 +0.000000000000000 +2.888919646441567 +0.000006647596147 +0.252679956614625 +0.000000000000000 +2.888912175868264 +0.000000000000000 +0.252679956614625 +0.000000000000000 +2.888912175868264 +0.000000000000000
 24  30 +0.249999999990000 +0.198277817600000 +0.000000000000000 +0.000000309063129 +100.000000000000000 +0.252679956614625 +0.000000000000000 +2.888919646441567 +0.000006647596147 +0.252679956614625 +0.000000000000000 +2.888912175868264 +0.000000000000000 +0.252679956614625 +0.000000000000000 +2.888912175868264 +0.000000000000000
 24  31 +0.249999999990000 +0.198277817600333 +0.000000000000000 +0.000000486272199 +100.000000000000000 +0.252679956614625 +0.000000000000000 +2.888919646441567 +0.000006647596147 +0.252679956614625 +0.000000000000000 +2.888912175868264 +0.000000000000000 +0.252679956614625 +0.000000000000000 +2.888912175868264 +0.000000000000000
 24  32 +0.249999999990000 +0.198277817600667 +0.000000000000000 +0.000000645612198 +100.000000000000000 +0.252679956614625 +0.000000000000000 +2.888919646441567 +0.000006647596147 +0.252679956614625 +0.000000000000000 +2.888912175868264 +0.000000000000000 +0.252679956614625 +0.000000000000000 +2.888912175868264 +0.000000000000000
 24  33 +0.249999999990000 +0.198277817601000 +0.000000000000000 +0.000000815821366 +100.000000000000000 +0.252679956614625 +0.000000000000000 +2.888919646441567 +0.000006647596147 +0.252679956614625 +0.000000000000000 +2.888912175868264 +0.000000000000000 +0.252679956614625 +0.000000000000000 +2.888912175868264 +0.000000000000000
 24  34 +0.249999999990000 +0.198277817601333 +0.000000000000000 +0.000000942162712 +100.000000000000000 +0.252679956614625 +0.000000000000000 +2.888919646441567 +0.000006647596147 +0.252679956614625 +0.000000000000000 +2.888912175868264 +0.000000000000000 +0.252679956614625 +0.000000000000000 +2.888912175868264 +0.000000000000000
 25  23 +0.249999999991667 +0.198277817597667 +0.000000000000000 +0.000000952594223 +100.000000000000000 +0.252679956616341 +0.000000000000000 +2.888919646439841 +0.000006647596147 +0.252679956616341 +0.000000000000000 +2.888912175866539 +0.000000000000000 +0.252679956616341 +0.000000000000000 +2.888912175866539 +0.000000000000000
 25  24 +0.249999999991667 +0.198277817598000 +0.000000000000000 +0.000000764155838 +100.000000000000000 +0.252679956616341 +0.000000000000000 +2.888919646439841 +0.000006647596147 +0.252679956616341 +0.000000000000000 +2.888912175866539 +0.000000000000000 +0.252679956616341 +0.000000000000000 +2.888912175866539 +0.000000000000000
 25  25 +0.249999999991667 +0.198277817598333 +0.000000000000000 +0.000000524169148 +100.000000000000000 +0.252679956616341 +0.000000000000000 +2.888919646439841 +0.000006647596147 +0.252679956616341 +0.000000000000000 +2.888912175866539 +0.000000000000000 +0.252679956616341 +0.000000000000000 +2.888912175866539 +0.000000000000000
 25  26 +0.249999999991667 +0.198277817598667 +0.000000000000000 +0.000000305064693 +100.000000000000000 +0.252679956616341 +0.000000000000000 +2.888919646439841 +0.000006647596147 +0.252679956616341 +0.000000000000000 +2.888912175866539 +0.000000000000000 +0.252679956616341 +0.000000000000000 +2.888912175866539 +0.000000000000000
 25  27 +0.249999999991667 +0.198277817599000 +0.000000000000000 +0.000000477674355 +100.000000000000000 +0.252679956616341 +0.000000000000000 +2.888919646439841 +0.000006647596147 +0.252679956616341 +0.000000000000000 +2.888912175866539 +0.000000000000000 +0.252679956616341 +0.000000000000000 +2.888912175866539 +0.000000000000000
 25  28 +0.249999999991667 +0.198277817599333 +0.000000000000000 +0.000000560638020 +100.000000000000000 +0.252679956616341 +0.000000000000000 +2.888919646439841 +0.000006647596147 +0.252679956616341 +0.000000000000000 +2.888912175866539 +0.000000000000000 +0.252679956616341 +0.000000000000000 +2.888912175866539 +0.000000000000000
 25  29 +0.249999999991667 +0.198277817599667 +0.000000000000000 +0.000000305699425 +100.000000000000000 +0.252679956616341 +0.000000000000000 +2.888919646439841 +0.000006647596147 +0.252679956616341 +0.000000000000000 +2.888912175866539 +0.000000000000000 +0.252679956616341 +0.000000000000000 +2.888912175866539 +0.000000000000000
 25  30 +0.249999999991667 +0.198277817600000 +0.000000000000000 +0.000000436867465 +100.000000000000000 +0.252679956616341 +0.000000000000000 +2.888919646439841 +0.000006647596147 +0.252679956616341 +0.000000000000000 +2.888912175866539 +0.000000000000000 +0.252679956616341 +0.000000000000000 +2.888912175866539 +0.000000000000000
 25  31 +0.249999999991667 +0.198277817600333 +0.000000000000000 +0.000000616807673 +100.000000000000000 +0.252679956616341 +0.000000000000000 +2.888919646439841 +0.000006647596147 +0.252679956616341 +0.000000000000000 +2.888912175866539 +0.000000000000000 +0.252679956616341 +0.000000000000000 +2.888912175866539 +0.000000000000000
 25  32 +0.249999999991667 +0.198277817600667 +0.000000000000000 +0.000000732953624 +100.000000000000000 +0.252679956616341 +0.000000000000000 +2.888919646439841 +0.000006647596147 +0.252679956616341 +0.000000000000000 +2.888912175866539 +0.000000000000000 +0.252679956616341 +0.000000000000000 +2.888912175866539 +0.000000000000000
 25  33 +0.249999999991667 +0.198277817601000 +0.000000000000000 +0.000000518527446 +100.000000000000000 +0.252679956616341 +0.000000000000000 +2.888919646439841 +0.000006647596147 +0.252679956616341 +0.000000000000000 +2.888912175866539 +0.000000000000000 +0.252679956616341 +0.000000000000000 +2.888912175866539 +0.000000000000000
 25  34 +0.249999999991667 +0.198277817601333 +0.000000000000000 +0.000000306040137 +100.000000000000000 +0.252679956616341 +0.000000000000000 +2.888919646439841 +0.000006647596147 +0.252679956616341 +0.000000000000000 +2.888912175866539 +0.000000000000000 +0.252679956616341 +0.000000000000000 +2.888912175866539 +0.000000000000000
 25  35 +0.249999999991667 +0.198277817601667 +0.000000000000000 +0.000000476002313 +100.000000000000000 +0.252679956616341 +0.000000000000000 +2.888919646439841 +0.000006647596147 +0.252679956616341 +0.000000000000000 +2.888912175866539 +0.000000000000000 +0.252679956616341 +0.000000000000000 +2.888912175866539 +0.000000000000000
 25  36 +0.249999999991667 +0.198277817602000 +0.000000000000000 +0.000000639182829 +100.000000000000000 +0.252679956616341 +0.000000000000000 +2.888919646439841 +0.000006647596147 +0.252679956616341 +0.000000000000000 +2.888912175866539 +0.000000000000000 +0.252679956616341 +0.000000000000000 +2.888912175866539 +0.000000000000000
 25  37 +0.249999999991667 +0.198277817602333 +0.000000000000000 +0.000000807307473 +100.000000000000000 +0.252679956616341 +0.000000000000000 +2.888919646439841 +0.000006647596147 +0.252679956616341 +0.000000000000000 +2.888912175866539 +0.000000000000000 +0.252679956616341 +0.000000000000000 +2.888912175866539 +0.000000000000000
 25  38 +0.249999999991667 +0.198277817602667 +0.000000000000000 +0.000000937637075 +100.000000000000000 +0.252679956616341 +0.000000000000000 +2.888919646439841 +0.000006647596147 +0.252679956616341 +0.000000000000000 +2.888912175866539 +0.000000000000000 +0.252679956616341 +0.000000000000000 +2.888912175866539 +0.000000000000000
 26  27 +0.249999999993333 +0.198277817599000 +0.000000000000000 +0.000000958683378 +100.000000000000000 +0.252679956618055 +0.000000000000000 +2.888919646438160 +0.000006647596147 +0.252679956618055 +0.000000000000000 +2.888912175864857 +0.000000000000000 +0.252679956618055 +0.000000000000000 +2.888912175864857 +0.000000000000000
 26  28 +0.249999999993333 +0.198277817599333 +0.000000000000000 +0.000000752996325 +100.000000000000000 +0.252679956618055 +0.000000000000000 +2.888919646438160 +0.000006647596147 +0.252679956618055 +0.000000000000000 +2.888912175864857 +0.000000000000000 +0.252679956618055 +0.000000000000000 +2.888912175864857 +0.000000000000000
 26  29 +0.249999999993333 +0.198277817599667 +0.000000000000000 +0.000000528992472 +100.000000000000000 +0.252679956618055 +0.000000000000000 +2.888919646438160 +0.000006647596147 +0.252679956618055 +0.000000000000000 +2.888912175864857 +0.000000000000000 +0.252679956618055 +0.000000000000000 +2.888912175864857 +0.000000000000000
 26  30 +0.249999999993333 +0.198277817600000 +0.000000000000000 +0.000000300054567 +100.000000000000000 +0.252679956618055 +0.000000000000000 +2.888919646438160 +0.000006647596147 +0.252679956618055 +0.000000000000000 +2.888912175864857 +0.000000000000000 +0.252679956618055 +0.000000000000000 +2.888912175864857 +0.000000000000000
 26  31 +0.249999999993333 +0.198277817600333 +0.000000000000000 +0.000000439252290 +100.000000000000000 +0.252679956618055 +0.000000000000000 +2.888919646438160 +0.000006647596147 +0.252679956618055 +0.000000000000000 +2.888912175864857 +0.000000000000000 +0.252679956618055 +0.000000000000000 +2.888912175864857 +0.000000000000000
 26  32 +0.249999999993333 +0.198277817600667 +0.000000000000000 +0.000000573767818 +100.000000000000000 +0.252679956618055 +0.000000000000000 +2.888919646438160 +0.000006647596147 +0.252679956618055 +0.000000000000000 +2.888912175864857 +0.000000000000000 +0.252679956618055 +0.000000000000000 +2.888912175864857 +0.000000000000000
 26  33 +0.249999999993333 +0.198277817601000 +0.000000000000000 +0.000000312865857 +100.000000000000000 +0.252679956618055 +0.000000000000000 +2.888919646438160 +0.000006647596147 +0.252679956618055 +0.000000000000000 +2.888912175864857 +0.000000000000000 +0.252679956618055 +0.000000000000000 +2.888912175864857 +0.000000000000000
 26  34 +0.249999999993333 +0.198277817601333 +0.000000000000000 +0.000000429064937 +100.000000000000000 +0.252679956618055 +0.000000000000000 +2.888919646438160 +0.000006647596147 +0.252679956618055 +0.000000000000000 +2.888912175864857 +0.000000000000000 +0.252679956618055 +0.000000000000000 +2.888912175864857 +0.000000000000000
 26  35 +0.249999999993333 +0.198277817601667 +0.000000000000000 +0.000000611918335 +100.000000000000000 +0.252679956618055 +0.000000000000000 +2.888919646438160 +0.000006647596147 +0.252679956618055 +0.000000000000000 +2.888912175864857 +0.000000000000000 +0.252679956618055 +0.000000000000000 +2.888912175864857 +0.000000000000000
 26  36 +0.249999999993333 +0.198277817602000 +0.000000000000000 +0.000000740648564 +100.000000000000000 +0.252679956618055 +0.000000000000000 +2.888919646438160 +0.000006647596147 +0.252679956618055 +0.000000000000000 +2.888912175864857 +0.000000000000000 +0.252679956618055 +0.000000000000000 +2.888912175864857 +0.000000000000000
 26  37 +0.249999999993333 +0.198277817602333 +0.000000000000000 +0.000000530095718 +100.000000000000000 +0.252679956618055 +0.000000000000000 +2.888919646438160 +0.000006647596147 +0.252679956618055 +0.000000000000000 +2.888912175864857 +0.000000000000000 +0.252679956618055 +0.000000000000000 +2.888912175864857 +0.000000000000000
 26  38 +0.249999999993333 +0.198277817602667 +0.000000000000000 +0.000000304238202 +100.000000000000000 +0.252679956618055 +0.000000000000000 +2.888919646438160 +0.000006647596147 +0.252679956618055 +0.000000000000000 +2.888912175864857 +0.000000000000000 +0.252679956618055 +0.000000000000000 +2.888912175864857 +0.000000000000000
 26  39 +0.249999999993333 +0.198277817603000 +0.000000000000000 +0.000000466449192 +100.000000000000000 +0.252679956618055 +0.000000000000000 +2.888919646438160 +0.000006647596147 +0.252679956618055 +0.000000000000000 +2.888912175864857 +0.000000000000000 +0.252679956618055 +0.000000000000000 +2.888912175864857 +0.000000000000000
 26  40 +0.249999999993333 +0.198277817603333 +0.000000000000000 +0.000000632358329 +100.000000000000000 +0.252679956618055 +0.000000000000000 +2.888919646438160 +0.000006647596147 +0.252679956618055 +0.000000000000000 +2.888912175864857 +0.000000000000000 +0.252679956618055 +0.000000000000000 +2.888912175864857 +0.000000000000000
 26  41 +0.249999999993333 +0.198277817603667 +0.000000000000000 +0.000000798421605 +100.000000000000000 +0.252679956618055 +0.000000000000000 +2.888919646438160 +0.000006647596147 +0.252679956618055 +0.000000000000000 +2.888912175864857 +0.000000000000000 +0.252679956618055 +0.000000000000000 +2.888912175864857 +0.000000000000000
 26  42 +0.249999999993333 +0.198277817604000 +0.000000000000000 +0.000000933100732 +100.000000000000000 +0.252679956618055 +0.000000000000000 +2.888919646438160 +0.000006647596147 +0.252679956618055 +0.000000000000000 +2.888912175864857 +0.000000000000000 +0.252679956618055 +0.000000000000000 +2.888912175864857 +0.000000000000000
 27  31 +0.249999999995000 +0.198277817600333 +0.000000000000000 +0.000000964821038 +100.000000000000000 +0.252679956619771 +0.000000000000000 +2.888919646436434 +0.000006647596147 +0.252679956619771 +0.000000000000000 +2.888912175863132 +0.000000000000000 +0.252679956619771 +0.000000000000000 +2.888912175863132 +0.000000000000000
 27  32 +0.249999999995000 +0.198277817600667 +0.000000000000000 +0.000000754031482 +100.000000000000000 +0.252679956619771 +0.000000000000000 +2.888919646436434 +0.000006647596147 +0.252679956619771 +0.000000000000000 +2.888912175863132 +0.000000000000000 +0.252679956619771 +0.000000000000000 +2.888912175863132 +0.000000000000000
 27  33 +0.249999999995000 +0.198277817601000 +0.000000000000000 +0.000000533790459 +100.000000000000000 +0.252679956619771 +0.000000000000000 +2.888919646436434 +0.000006647596147 +0.252679956619771 +0.000000000000000 +2.888912175863132 +0.000000000000000 +0.252679956619771 +0.000000000000000 +2.888912175863132 +0.000000000000000
 27  34 +0.249999999995000 +0.198277817601333 +0.000000000000000 +0.000000300235398 +100.000000000000000 +0.252679956619771 +0.000000000000000 +2.888919646436434 +0.000006647596147 +0.252679956619771 +0.000000000000000 +2.888912175863132 +0.000000000000000 +0.252679956619771 +0.000000000000000 +2.888912175863132 +0.000000000000000
 27  35 +0.249999999995000 +0.198277817601667 +0.000000000000000 +0.000000434354037 +100.000000000000000 +0.252679956619771 +0.000000000000000 +2.888919646436434 +0.000006647596147 +0.252679956619771 +0.000000000000000 +2.888912175863132 +0.000000000000000 +0.252679956619771 +0.000000000000000 +2.888912175863132 +0.000000000000000
 27  36 +0.249999999995000 +0.198277817602000 +0.000000000000000 +0.000000586168858 +100.000000000000000 +0.252679956619771 +0.000000000000000 +2.888919646436434 +0.000006647596147 +0.252679956619771 +0.000000000000000 +2.888912175863132 +0.000000000000000 +0.252679956619771 +0.000000000000000 +2.888912175863132 +0.000000000000000
 27  37 +0.249999999995000 +0.198277817602333 +0.000000000000000 +0.000000323712752 +100.000000000000000 +0.252679956619771 +0.000000000000000 +2.888919646436434 +0.000006647596147 +0.252679956619771 +0.000000000000000 +2.888912175863132 +0.000000000000000 +0.252679956619771 +0.000000000000000 +2.888912175863132 +0.000000000000000
 27  38 +0.249999999995000 +0.198277817602667 +0.000000000000000 +0.000000421067133 +100.000000000000000 +0.252679956619771 +0.000000000000000 +2.888919646436434 +0.000006647596147 +0.252679956619771 +0.000000000000000 +2.888912175863132 +0.000000000000000 +0.252679956619771 +0.000000000000000 +2.888912175863132 +0.000000000000000
 27  39 +0.249999999995000 +0.198277817603000 +0.000000000000000 +0.000000607425844 +100.000000000000000 +0.252679956619771 +0.000000000000000 +2.888919646436434 +0.000006647596147 +0.252679956619771 +0.000000000000000 +2.888912175863132 +0.000000000000000 +0.252679956619771 +0.000000000000000 +2.888912175863132 +0.000000000000000
 27  40 +0.249999999995000 +0.198277817603333 +0.000000000000000 +0.000000748985145 +100.000000000000000 +0.252679956619771 +0.000000000000000 +2.888919646436434 +0.000006647596147 +0.252679956619771 +0.000000000000000 +2.888912175863132 +0.000000000000000 +0.252679956619771 +0.000000000000000 +2.888912175863132 +0.000000000000000
 27  41 +0.249999999995000 +0.198277817603667 +0.000000000000000 +0.000000542827882 +100.000000000000000 +0.252679956619771 +0.000000000000000 +2.888919646436434 +0.000006647596147 +0.252679956619771 +0.000000000000000 +2.888912175863132 +0.000000000000000 +0.252679956619771 +0.000000000000000 +2.888912175863132 +0.000000000000000
 27  42 +0.249999999995000 +0.198277817604000 +0.000000000000000 +0.000000301346009 +100.000000000000000 +0.252679956619771 +0.000000000000000 +2.888919646436434 +0.000006647596147 +0.252679956619771 +0.000000000000000 +2.888912175863132 +0.000000000000000 +0.252679956619771 +0.000000000000000 +2.888912175863132 +0.000000000000000
 27  43 +0.249999999995000 +0.198277817604333 +0.000000000000000 +0.000000456037998 +100.000000000000000 +0.252679956619771 +0.000000000000000 +2.888919646436434 +0.000006647596147 +0.252679956619771 +0.000000000000000 +2.888912175863132 +0.000000000000000 +0.252679956619771 +0.000000000000000 +2.888912175863132 +0.000000000000000
 27  44 +0.249999999995000 +0.198277817604667 +0.000000000000000 +0.000000626005107 +100.000000000000000 +0.252679956619771 +0.000000000000000 +2.888919646436434 +0.000006647596147 +0.252679956619771 +0.000000000000000 +2.888912175863132 +0.000000000000000 +0.252679956619771 +0.000000000000000 +2.888912175863132 +0.000000000000000
 27  45 +0.249999999995000 +0.198277817605000 +0.000000000000000 +0.000000790968228 +100.000000000000000 +0.252679956619771 +0.000000000000000 +2.888919646436434 +0.000006647596147 +0.252679956619771 +0.000000000000000 +2.888912175863132 +0.000000000000000 +0.252679956619771 +0.000000000000000 +2.888912175863132 +0.000000000000000
 27  46 +0.249999999995000 +0.198277817605333 +0.000000000000000 +0.000000928435279 +100.000000000000000 +0.252679956619771 +0.000000000000000 +2.888919646436434 +0.000006647596147 +0.252679956619771 +0.000000000000000 +2.888912175863132 +0.000000000000000 +0.252679956619771 +0.000000000000000 +2.888912175863132 +0.000000000000000
 28  35 +0.249999999996667 +0.198277817601667 +0.000000000000000 +0.000000971479398 +100.000000000000000 +0.252679956621514 +0.000000000000000 +2.888919646434685 +0.000006647596147 +0.252679956621514 +0.000000000000000 +2.888912175861382 +0.000000000000000 +0.252679956621514 +0.000000000000000 +2.888912175861382 +0.000000000000000
 28  36 +0.249999999996667 +0.198277817602000 +0.000000000000000 +0.000000756031682 +100.000000000000000 +0.252679956621514 +0.000000000000000 +2.888919646434685 +0.000006647596147 +0.252679956621514 +0.000000000000000 +2.888912175861382 +0.000000000000000 +0.252679956621514 +0.000000000000000 +2.888912175861382 +0.000000000000000
 28  37 +0.249999999996667 +0.198277817602333 +0.000000000000000 +0.000000578709256 +100.000000000000000 +0.252679956621514 +0.000000000000000 +2.888919646434685 +0.000006647596147 +0.252679956621514 +0.000000000000000 +2.888912175861382 +0.000000000000000 +0.252679956621514 +0.000000000000000 +2.888912175861382 +0.000000000000000
 28  38 +0.249999999996667 +0.198277817602667 +0.000000000000000 +0.000000302137023 +100.000000000000000 +0.252679956621514 +0.000000000000000 +2.888919646434685 +0.000006647596147 +0.252679956621514 +0.000000000000000 +2.888912175861382 +0.000000000000000 +0.252679956621514 +0.000000000000000 +2.888912175861382 +0.000000000000000
 28  39 +0.249999999996667 +0.198277817603000 +0.000000000000000 +0.000000431474265 +100.000000000000000 +0.252679956621514 +0.000000000000000 +2.888919646434685 +0.000006647596147 +0.252679956621514 +0.000000000000000 +2.888912175861382 +0.000000000000000 +0.252679956621514 +0.000000000000000 +2.888912175861382 +0.000000000000000
 28  40 +0.249999999996667 +0.198277817603333 +0.000000000000000 +0.000000599435553 +100.000000000000000 +0.252679956621514 +0.000000000000000 +2.888919646434685 +0.000006647596147 +0.252679956621514 +0.000000000000000 +2.888912175861382 +0.000000000000000 +0.252679956621514 +0.000000000000000 +2.888912175861382 +0.000000000000000
 28  41 +0.249999999996667 +0.198277817603667 +0.000000000000000 +0.000000336521535 +100.000000000000000 +0.252679956621514 +0.000000000000000 +2.888919646434685 +0.000006647596147 +0.252679956621514 +0.000000000000000 +2.888912175861382 +0.000000000000000 +0.252679956621514 +0.000000000000000 +2.888912175861382 +0.000000000000000
 28  42 +0.249999999996667 +0.198277817604000 +0.000000000000000 +0.000000413278893 +100.000000000000000 +0.252679956621514 +0.000000000000000 +2.888919646434685 +0.000006647596147 +0.252679956621514 +0.000000000000000 +2.888912175861382 +0.000000000000000 +0.252679956621514 +0.000000000000000 +2.888912175861382 +0.000000000000000
 28  43 +0.249999999996667 +0.198277817604333 +0.000000000000000 +0.000000602633127 +100.000000000000000 +0.252679956621514 +0.000000000000000 +2.888919646434685 +0.000006647596147 +0.252679956621514 +0.000000000000000 +2.888912175861382 +0.000000000000000 +0.252679956621514 +0.000000000000000 +2.888912175861382 +0.000000000000000
 28  44 +0.249999999996667 +0.198277817604667 +0.000000000000000 +0.000000757337030 +100.000000000000000 +0.252679956621514 +0.000000000000000 +2.888919646434685 +0.000006647596147 +0.252679956621514 +0.000000000000000 +2.888912175861382 +0.000000000000000 +0.252679956621514 +0.000000000000000 +2.888912175861382 +0.000000000000000
 28  45 +0.249999999996667 +0.198277817605000 +0.000000000000000 +0.000000553822645 +100.000000000000000 +0.252679956621514 +0.000000000000000 +2.888919646434685 +0.000006647596147 +0.252679956621514 +0.000000000000000 +2.888912175861382 +0.000000000000000 +0.252679956621514 +0.000000000000000 +2.888912175861382 +0.000000000000000
 28  46 +0.249999999996667 +0.198277817605333 +0.000000000000000 +0.000000295533745 +100.000000000000000 +0.252679956621514 +0.000000000000000 +2.888919646434685 +0.000006647596147 +0.252679956621514 +0.000000000000000 +2.888912175861382 +0.000000000000000 +0.252679956621514 +0.000000000000000 +2.888912175861382 +0.000000000000000
 28  47 +0.249999999996667 +0.198277817605667 +0.000000000000000 +0.000000447615949 +100.000000000000000 +0.252679956621514 +0.000000000000000 +2.888919646434685 +0.000006647596147 +0.252679956621514 +0.000000000000000 +2.888912175861382 +0.000000000000000 +0.252679956621514 +0.000000000000000 +2.888912175861382 +0.000000000000000
 28  48 +0.249999999996667 +0.198277817606000 +0.000000000000000 +0.000000619327799 +100.000000000000000 +0.252679956621514 +0.000000000000000 +2.888919646434685 +0.000006647596147 +0.252679956621514 +0.000000000000000 +2.888912175861382 +0.000000000000000 +0.252679956621514 +0.000000000000000 +2.888912175861382 +0.000000000000000
 28  49 +0.249999999996667 +0.198277817606333 +0.000000000000000 +0.000000783035103 +100.000000000000000 +0.252679956621514 +0.000000000000000 +2.888919646434685 +0.000006647596147 +0.252679956621514 +0.000000000000000 +2.888912175861382 +0.000000000000000 +0.252679956621514 +0.000000000000000 +2.888912175861382 +0.000000000000000
 28  50 +0.249999999996667 +0.198277817606667 +0.000000000000000 +0.000000923922662 +100.000000000000000 +0.252679956621514 +0.000000000000000 +2.888919646434685 +0.000006647596147 +0.252679956621514 +0.000000000000000 +2.888912175861382 +0.000000000000000 +0.252679956621514 +0.000000000000000 +2.888912175861382 +0.000000000000000
 29  39 +0.249999999998333 +0.198277817603000 +0.000000000000000 +0.000000977683636 +100.000000000000000 +0.252679956623231 +0.000000000000000 +2.888919646432981 +0.000006647596147 +0.252679956623231 +0.000000000000000 +2.888912175859679 +0.000000000000000 +0.252679956623231 +0.000000000000000 +2.888912175859679 +0.000000000000000
 29  40 +0.249999999998333 +0.198277817603333 +0.000000000000000 +0.000000757762596 +100.000000000000000 +0.252679956623231 +0.000000000000000 +2.888919646432981 +0.000006647596147 +0.252679956623231 +0.000000000000000 +2.888912175859679 +0.000000000000000 +0.252679956623231 +0.000000000000000 +2.888912175859679 +0.000000000000000
 29  41 +0.249999999998333 +0.198277817603667 +0.000000000000000 +0.000000590157534 +100.000000000000000 +0.252679956623231 +0.000000000000000 +2.888919646432981 +0.000006647596147 +0.252679956623231 +0.000000000000000 +2.888912175859679 +0.000000000000000 +0.252679956623231 +0.000000000000000 +2.888912175859679 +0.000000000000000
 29  42 +0.249999999998333 +0.198277817604000 +0.000000000000000 +0.000000305790850 +100.000000000000000 +0.252679956623231 +0.000000000000000 +2.888919646432981 +0.000006647596147 +0.252679956623231 +0.000000000000000 +2.888912175859679 +0.000000000000000 +0.252679956623231 +0.000000000000000 +2.888912175859679 +0.000000000000000
 29  43 +0.249999999998333 +0.198277817604333 +0.000000000000000 +0.000000427415462 +100.000000000000000 +0.252679956623231 +0.000000000000000 +2.888919646432981 +0.000006647596147 +0.252679956623231 +0.000000000000000 +2.888912175859679 +0.000000000000000 +0.252679956623231 +0.000000000000000 +2.888912175859679 +0.000000000000000
 29  44 +0.249999999998333 +0.198277817604667 +0.000000000000000 +0.000000594636704 +100.000000000000000 +0.252679956623231 +0.000000000000000 +2.888919646432981 +0.000006647596147 +0.252679956623231 +0.000000000000000 +2.888912175859679 +0.000000000000000 +0.252679956623231 +0.000000000000000 +2.888912175859679 +0.000000000000000
 29  45 +0.249999999998333 +0.198277817605000 +0.000000000000000 +0.000000352347763 +100.000000000000000 +0.252679956623231 +0.000000000000000 +2.888919646432981 +0.000006647596147 +0.252679956623231 +0.000000000000000 +2.888912175859679 +0.000000000000000 +0.252679956623231 +0.000000000000000 +2.888912175859679 +0.000000000000000
 29  46 +0.249999999998333 +0.198277817605333 +0.000000000000000 +0.000000405631109 +100.000000000000000 +0.252679956623231 +0.000000000000000 +2.888919646432981 +0.000006647596147 +0.252679956623231 +0.000000000000000 +2.888912175859679 +0.000000000000000 +0.252679956623231 +0.000000000000000 +2.888912175859679 +0.000000000000000
 29  47 +0.249999999998333 +0.198277817605667 +0.000000000000000 +0.000000574417281 +100.000000000000000 +0.252679956623231 +0.000000000000000 +2.888919646432981 +0.000006647596147 +0.252679956623231 +0.000000000000000 +2.888912175859679 +0.000000000000000 +0.252679956623231 +0.000000000000000 +2.888912175859679 +0.000000000000000
 29  48 +0.249999999998333 +0.198277817606000 +0.000000000000000 +0.000000752312043 +100.000000000000000 +0.252679956623231 +0.000000000000000 +2.888919646432981 +0.000006647596147 +0.252679956623231 +0.000000000000000 +2.888912175859679 +0.000000000000000 +0.252679956623231 +0.000000000000000 +2.888912175859679 +0.000000000000000
 29  49 +0.249999999998333 +0.198277817606333 +0.000000000000000 +0.000000566066151 +100.000000000000000 +0.252679956623231 +0.000000000000000 +2.888919646432981 +0.000006647596147 +0.252679956623231 +0.000000000000000 +2.888912175859679 +0.000000000000000 +0.252679956623231 +0.000000000000000 +2.888912175859679 +0.000000000000000
 29  50 +0.249999999998333 +0.198277817606667 +0.000000000000000 +0.000000293772752 +100.000000000000000 +0.252679956623231 +0.000000000000000 +2.888919646432981 +0.000006647596147 +0.252679956623231 +0.000000000000000 +2.888912175859679 +0.000000000000000 +0.252679956623231 +0.000000000000000 +2.888912175859679 +0.000000000000000
 29  51 +0.249999999998333 +0.198277817607000 +0.000000000000000 +0.000000438467547 +100.000000000000000 +0.252679956623231 +0.000000000000000 +2.888919646432981 +0.000006647596147 +0.252679956623231 +0.000000000000000 +2.888912175859679 +0.000000000000000 +0.252679956623231 +0.000000000000000 +2.888912175859679 +0.000000000000000
 29  52 +0.249999999998333 +0.198277817607333 +0.000000000000000 +0.000000613103243 +100.000000000000000 +0.252679956623231 +0.000000000000000 +2.888919646432981 +0.000006647596147 +0.252679956623231 +0.000000000000000 +2.888912175859679 +0.000000000000000 +0.252679956623231 +0.000000000000000 +2.888912175859679 +0.000000000000000
 29  53 +0.249999999998333 +0.198277817607667 +0.000000000000000 +0.000000774667736 +100.000000000000000 +0.252679956623231 +0.000000000000000 +2.888919646432981 +0.000006647596147 +0.252679956623231 +0.000000000000000 +2.888912175859679 +0.000000000000000 +0.252679956623231 +0.000000000000000 +2.888912175859679 +0.000000000000000
 29  54 +0.249999999998333 +0.198277817608000 +0.000000000000000 +0.000000919598739 +100.000000000000000 +0.252679956623231 +0.000000000000000 +2.888919646432981 +0.000006647596147 +0.252679956623231 +0.000000000000000 +2.888912175859679 +0.000000000000000 +0.252679956623231 +0.000000000000000 +2.888912175859679 +0.000000000000000
 30  43 +0.250000000000000 +0.198277817604333 +0.000000000000000 +0.000000968793462 +100.000000000000000 +0.252679956624932 +0.000000000000000 +2.888919646431268 +0.000006647596147 +0.252679956624932 +0.000000000000000 +2.888912175857965 +0.000000000000000 +0.252679956624932 +0.000000000000000 +2.888912175857965 +0.000000000000000
 30  44 +0.250000000000000 +0.198277817604667 +0.000000000000000 +0.000000788549869 +100.000000000000000 +0.252679956624932 +0.000000000000000 +2.888919646431268 +0.000006647596147 +0.252679956624932 +0.000000000000000 +2.888912175857965 +0.000000000000000 +0.252679956624932 +0.000000000000000 +2.888912175857965 +0.000000000000000
 30  45 +0.250000000000000 +0.198277817605000 +0.000000000000000 +0.000000602700345 +100.000000000000000 +0.252679956624932 +0.000000000000000 +2.888919646431268 +0.000006647596147 +0.252679956624932 +0.000000000000000 +2.888912175857965 +0.000000000000000 +0.252679956624932 +0.000000000000000 +2.888912175857965 +0.000000000000000
 30  46 +0.250000000000000 +0.198277817605333 +0.000000000000000 +0.000000310339174 +100.000000000000000 +0.252679956624932 +0.000000000000000 +2.888919646431268 +0.000006647596147 +0.252679956624932 +0.000000000000000 +2.888912175857965 +0.000000000000000 +0.252679956624932 +0.000000000000000 +2.888912175857965 +0.000000000000000
 30  47 +0.250000000000000 +0.198277817605667 +0.000000000000000 +0.000000421830581 +100.000000000000000 +0.252679956624932 +0.000000000000000 +2.888919646431268 +0.000006647596147 +0.252679956624932 +0.000000000000000 +2.888912175857965 +0.000000000000000 +0.252679956624932 +0.000000000000000 +2.888912175857965 +0.000000000000000
 30  48 +0.250000000000000 +0.198277817606000 +0.000000000000000 +0.000000589479183 +100.000000000000000 +0.252679956624932 +0.000000000000000 +2.888919646431268 +0.000006647596147 +0.252679956624932 +0.000000000000000 +2.888912175857965 +0.000000000000000 +0.252679956624932 +0.000000000000000 +2.888912175857965 +0.000000000000000
 30  49 +0.250000000000000 +0.198277817606333 +0.000000000000000 +0.000000367372665 +100.000000000000000 +0.252679956624932 +0.000000000000000 +2.888919646431268 +0.000006647596147 +0.252679956624932 +0.000000000000000 +2.888912175857965 +0.000000000000000 +0.252679956624932 +0.000000000000000 +2.888912175857965 +0.000000000000000
 30  50 +0.250000000000000 +0.198277817606667 +0.000000000000000 +0.000000398345863 +100.000000000000000 +0.252679956624932 +0.000000000000000 +2.888919646431268 +0.000006647596147 +0.252679956624932 +0.000000000000000 +2.888912175857965 +0.000000000000000 +0.252679956624932 +0.000000000000000 +2.888912175857965 +0.000000000000000
 30  51 +0.250000000000000 +0.198277817607000 +0.000000000000000 +0.000000570424996 +100.000000000000000 +0.252679956624932 +0.000000000000000 +2.888919646431268 +0.000006647596147 +0.252679956624932 +0.000000000000000 +2.888912175857965 +0.000000000000000 +0.252679956624932 +0.000000000000000 +2.888912175857965 +0.000000000000000
 30  52 +0.250000000000000 +0.198277817607333 +0.000000000000000 +0.000000724023322 +100.000000000000000 +0.252679956624932 +0.000000000000000 +2.888919646431268 +0.000006647596147 +0.252679956624932 +0.000000000000000 +2.888912175857965 +0.000000000000000 +0.252679956624932 +0.000000000000000 +2.888912175857965 +0.000000000000000
 30  53 +0.250000000000000 +0.198277817607667 +0.000000000000000 +0.000000578783398 +100.000000000000000 +0.252679956624932 +0.000000000000000 +2.888919646431268 +0.000006647596147 +0.252679956624932 +0.000000000000000 +2.888912175857965 +0.000000000000000 +0.252679956624932 +0.000000000000000 +2.888912175857965 +0.000000000000000
 30  54 +0.250000000000000 +0.198277817608000 +0.000000000000000 +0.000000296425822 +100.000000000000000 +0.252679956624932 +0.000000000000000 +2.888919646431268 +0.000006647596147 +0.252679956624932 +0.000000000000000 +2.888912175857965 +0.000000000000000 +0.252679956624932 +0.000000000000000 +2.888912175857965 +0.000000000000000
 30  55 +0.250000000000000 +0.198277817608333 +0.000000000000000 +0.000000429127716 +100.000000000000000 +0.252679956624932 +0.000000000000000 +2.888919646431268 +0.000006647596147 +0.252679956624932 +0.000000000000000 +2.888912175857965 +0.000000000000000 +0.252679956624932 +0.000000000000000 +2.888912175857965 +0.000000000000000
 30  56 +0.250000000000000 +0.198277817608667 +0.000000000000000 +0.000000607046837 +100.000000000000000 +0.252679956624932 +0.000000000000000 +2.888919646431268 +0.000006647596147 +0.252679956624932 +0.000000000000000 +2.888912175857965 +0.000000000000000 +0.252679956624932 +0.000000000000000 +2.888912175857965 +0.000000000000000
 30  57 +0.250000000000000 +0.198277817609000 +0.000000000000000 +0.000000766541382 +100.000000000000000 +0.252679956624932 +0.000000000000000 +2.888919646431268 +0.000006647596147 +0.252679956624932 +0.000000000000000 +2.888912175857965 +0.000000000000000 +0.252679956624932 +0.000000000000000 +2.888912175857965 +0.000000000000000
 30  58 +0.250000000000000 +0.198277817609333 +0.000000000000000 +0.000000915113679 +100.000000000000000 +0.252679956624932 +0.000000000000000 +2.888919646431268 +0.000006647596147 +0.252679956624932 +0.000000000000000 +2.888912175857965 +0.000000000000000 +0.252679956624932 +0.000000000000000 +2.888912175857965 +0.000000000000000
 31  47 +0.250000000001667 +0.198277817605667 +0.000000000000000 +0.000000974773056 +100.000000000000000 +0.252679956626655 +0.000000000000000 +2.888919646429569 +0.000006647596147 +0.252679956626655 +0.000000000000000 +2.888912175856266 +0.000000000000000 +0.252679956626655 +0.000000000000000 +2.888912175856266 +0.000000000000000
 31  48 +0.250000000001667 +0.198277817606000 +0.000000000000000 +0.000000796399194 +100.000000000000000 +0.252679956626655 +0.000000000000000 +2.888919646429569 +0.000006647596147 +0.252679956626655 +0.000000000000000 +2.888912175856266 +0.000000000000000 +0.252679956626655 +0.000000000000000 +2.888912175856266 +0.000000000000000
 31  49 +0.250000000001667 +0.198277817606333 +0.000000000000000 +0.000000612496110 +100.000000000000000 +0.252679956626655 +0.000000000000000 +2.888919646429569 +0.000006647596147 +0.252679956626655 +0.000000000000000 +2.888912175856266 +0.000000000000000 +0.252679956626655 +0.000000000000000 +2.888912175856266 +0.000000000000000
 31  50 +0.250000000001667 +0.198277817606667 +0.000000000000000 +0.000000311343546 +100.000000000000000 +0.252679956626655 +0.000000000000000 +2.888919646429569 +0.000006647596147 +0.252679956626655 +0.000000000000000 +2.888912175856266 +0.000000000000000 +0.252679956626655 +0.000000000000000 +2.888912175856266 +0.000000000000000
 31  51 +0.250000000001667 +0.198277817607000 +0.000000000000000 +0.000000420755616 +100.000000000000000 +0.252679956626655 +0.000000000000000 +2.888919646429569 +0.000006647596147 +0.252679956626655 +0.000000000000000 +2.888912175856266 +0.000000000000000 +0.252679956626655 +0.000000000000000 +2.888912175856266 +0.000000000000000
 31  52 +0.250000000001667 +0.198277817607333 +0.000000000000000 +0.000000588922278 +100.000000000000000 +0.252679956626655 +0.000000000000000 +2.888919646429569 +0.000006647596147 +0.252679956626655 +0.000000000000000 +2.888912175856266 +0.000000000000000 +0.252679956626655 +0.000000000000000 +2.888912175856266 +0.000000000000000
 31  53 +0.250000000001667 +0.198277817607667 +0.000000000000000 +0.000000407293291 +100.000000000000000 +0.252679956626655 +0.000000000000000 +2.888919646429569 +0.000006647596147 +0.252679956626655 +0.000000000000000 +2.888912175856266 +0.000000000000000 +0.252679956626655 +0.000000000000000 +2.888912175856266 +0.000000000000000
 31  54 +0.250000000001667 +0.198277817608000 +0.000000000000000 +0.000000390768165 +100.000000000000000 +0.252679956626655 +0.000000000000000 +2.888919646429569 +0.000006647596147 +0.252679956626655 +0.000000000000000 +2.888912175856266 +0.000000000000000 +0.252679956626655 +0.000000000000000 +2.888912175856266 +0.000000000000000
 31  55 +0.250000000001667 +0.198277817608333 +0.000000000000000 +0.000000539058608 +100.000000000000000 +0.252679956626655 +0.000000000000000 +2.888919646429569 +0.000006647596147 +0.252679956626655 +0.000000000000000 +2.888912175856266 +0.000000000000000 +0.252679956626655 +0.000000000000000 +2.888912175856266 +0.000000000000000
 31  56 +0.250000000001667 +0.198277817608667 +0.000000000000000 +0.000000716832556 +100.000000000000000 +0.252679956626655 +0.000000000000000 +2.888919646429569 +0.000006647596147 +0.252679956626655 +0.000000000000000 +2.888912175856266 +0.000000000000000 +0.252679956626655 +0.000000000000000 +2.888912175856266 +0.000000000000000
 31  57 +0.250000000001667 +0.198277817609000 +0.000000000000000 +0.000000591094568 +100.000000000000000 +0.252679956626655 +0.000000000000000 +2.888919646429569 +0.000006647596147 +0.252679956626655 +0.000000000000000 +2.888912175856266 +0.000000000000000 +0.252679956626655 +0.000000000000000 +2.888912175856266 +0.000000000000000
 31  58 +0.250000000001667 +0.198277817609333 +0.000000000000000 +0.000000299810643 +100.000000000000000 +0.252679956626655 +0.000000000000000 +2.888919646429569 +0.000006647596147 +0.252679956626655 +0.000000000000000 +2.888912175856266 +0.000000000000000 +0.252679956626655 +0.000000000000000 +2.888912175856266 +0.000000000000000
 31  59 +0.250000000001667 +0.198277817609667 +0.000000000000000 +0.000000421409900 +100.000000000000000 +0.252679956626655 +0.000000000000000 +2.888919646429569 +0.000006647596147 +0.252679956626655 +0.000000000000000 +2.888912175856266 +0.000000000000000 +0.252679956626655 +0.000000000000000 +2.888912175856266 +0.000000000000000
 31  60 +0.250000000001667 +0.198277817610000 +0.000000000000000 +0.000000601085256 +100.000000000000000 +0.252679956626655 +0.000000000000000 +2.888919646429569 +0.000006647596147 +0.252679956626655 +0.000000000000000 +2.888912175856266 +0.000000000000000 +0.252679956626655 +0.000000000000000 +2.888912175856266 +0.000000000000000
 32  51 +0.250000000003333 +0.198277817607000 +0.000000000000000 +0.000000986552156 +100.000000000000000 +0.252679956628377 +0.000000000000000 +2.888919646427826 +0.000006647596147 +0.252679956628377 +0.000000000000000 +2.888912175854524 +0.000000000000000 +0.252679956628377 +0.000000000000000 +2.888912175854524 +0.000000000000000
 32  52 +0.250000000003333 +0.198277817607333 +0.000000000000000 +0.000000781138911 +100.000000000000000 +0.252679956628377 +0.000000000000000 +2.888919646427826 +0.000006647596147 +0.252679956628377 +0.000000000000000 +2.888912175854524 +0.000000000000000 +0.252679956628377 +0.000000000000000 +2.888912175854524 +0.000000000000000
 32  53 +0.250000000003333 +0.198277817607667 +0.000000000000000 +0.000000619555395 +100.000000000000000 +0.252679956628377 +0.000000000000000 +2.888919646427826 +0.000006647596147 +0.252679956628377 +0.000000000000000 +2.888912175854524 +0.000000000000000 +0.252679956628377 +0.000000000000000 +2.888912175854524 +0.000000000000000
 32  54 +0.250000000003333 +0.198277817608000 +0.000000000000000 +0.000000425343616 +100.000000000000000 +0.252679956628377 +0.000000000000000 +2.888919646427826 +0.000006647596147 +0.252679956628377 +0.000000000000000 +2.888912175854524 +0.000000000000000 +0.252679956628377 +0.000000000000000 +2.888912175854524 +0.000000000000000
 32  55 +0.250000000003333 +0.198277817608333 +0.000000000000000 +0.000000417119358 +100.000000000000000 +0.252679956628377 +0.000000000000000 +2.888919646427826 +0.000006647596147 +0.252679956628377 +0.000000000000000 +2.888912175854524 +0.000000000000000 +0.252679956628377 +0.000000000000000 +2.888912175854524 +0.000000000000000
 32  56 +0.250000000003333 +0.198277817608667 +0.000000000000000 +0.000000545893881 +100.000000000000000 +0.252679956628377 +0.000000000000000 +2.888919646427826 +0.000006647596147 +0.252679956628377 +0.000000000000000 +2.888912175854524 +0.000000000000000 +0.252679956628377 +0.000000000000000 +2.888912175854524 +0.000000000000000
 32  57 +0.250000000003333 +0.198277817609000 +0.000000000000000 +0.000000418712871 +100.000000000000000 +0.252679956628377 +0.000000000000000 +2.888919646427826 +0.000006647596147 +0.252679956628377 +0.000000000000000 +2.888912175854524 +0.000000000000000 +0.252679956628377 +0.000000000000000 +2.888912175854524 +0.000000000000000
 32  58 +0.250000000003333 +0.198277817609333 +0.000000000000000 +0.000000383807769 +100.000000000000000 +0.252679956628377 +0.000000000000000 +2.888919646427826 +0.000006647596147 +0.252679956628377 +0.000000000000000 +2.888912175854524 +0.000000000000000 +0.252679956628377 +0.000000000000000 +2.888912175854524 +0.000000000000000
 32  59 +0.250000000003333 +0.198277817609667 +0.000000000000000 +0.000000530879148 +100.000000000000000 +0.252679956628377 +0.000000000000000 +2.888919646427826 +0.000006647596147 +0.252679956628377 +0.000000000000000 +2.888912175854524 +0.000000000000000 +0.252679956628377 +0.000000000000000 +2.888912175854524 +0.000000000000000
 32  60 +0.250000000003333 +0.198277817610000 +0.000000000000000 +0.000000709547471 +100.000000000000000 +0.252679956628377 +0.000000000000000 +2.888919646427826 +0.000006647596147 +0.252679956628377 +0.000000000000000 +2.888912175854524 +0.000000000000000 +0.252679956628377 +0.000000000000000 +2.888912175854524 +0.000000000000000
 33  55 +0.250000000005000 +0.198277817608333 +0.000000000000000 +0.000000995308442 +100.000000000000000 +0.252679956630100 +0.000000000000000 +2.888919646426128 +0.000006647596147 +0.252679956630100 +0.000000000000000 +2.888912175852825 +0.000000000000000 +0.252679956630100 +0.000000000000000 +2.888912175852825 +0.000000000000000
 33  56 +0.250000000005000 +0.198277817608667 +0.000000000000000 +0.000000814132359 +100.000000000000000 +0.252679956630100 +0.000000000000000 +2.888919646426128 +0.000006647596147 +0.252679956630100 +0.000000000000000 +2.888912175852825 +0.000000000000000 +0.252679956630100 +0.000000000000000 +2.888912175852825 +0.000000000000000
 33  57 +0.250000000005000 +0.198277817609000 +0.000000000000000 +0.000000623571560 +100.000000000000000 +0.252679956630100 +0.000000000000000 +2.888919646426128 +0.000006647596147 +0.252679956630100 +0.000000000000000 +2.888912175852825 +0.000000000000000 +0.252679956630100 +0.000000000000000 +2.888912175852825 +0.000000000000000
 33  58 +0.250000000005000 +0.198277817609333 +0.000000000000000 +0.000000436385965 +100.000000000000000 +0.252679956630100 +0.000000000000000 +2.888919646426128 +0.000006647596147 +0.252679956630100 +0.000000000000000 +2.888912175852825 +0.000000000000000 +0.252679956630100 +0.000000000000000 +2.888912175852825 +0.000000000000000
 33  59 +0.250000000005000 +0.198277817609667 +0.000000000000000 +0.000000412900314 +100.000000000000000 +0.252679956630100 +0.000000000000000 +2.888919646426128 +0.000006647596147 +0.252679956630100 +0.000000000000000 +2.888912175852825 +0.000000000000000 +0.252679956630100 +0.000000000000000 +2.888912175852825 +0.000000000000000
 33  60 +0.250000000005000 +0.198277817610000 +0.000000000000000 +0.000000579329817 +100.000000000000000 +0.252679956630100 +0.000000000000000 +2.888919646426128 +0.000006647596147 +0.252679956630100 +0.000000000000000 +2.888912175852825 +0.000000000000000 +0.252679956630100 +0.000000000000000 +2.888912175852825 +0.000000000000000
 34  60 +0.250000000006667 +0.198277817610000 +0.000000000000000 +0.000000821948845 +100.000000000000000 +0.252679956631815 +0.000000000000000 +2.888919646424380 +0.000006647596147 +0.252679956631815 +0.000000000000000 +2.888912175851077 +0.000000000000000 +0.252679956631815 +0.000000000000000 +2.888912175851077 +0.000000000000000
