# i   j  Gamma              Lambda             paramK             distTrajToEq       integrationTime      startPtfi1         startPtV1          startPtfi2         startPtV2          sadfocPtfi1        sadfocPtV1         sadfocPtfi2        sadfocPtV2         saddlePtfi1        saddlePtV1         saddlePtfi2        saddlePtV2
# 0   1  2                  3                  4                  5                  6                    7                  8                  9                  10                 11                 12                 13                 14                 15                 16                 17                 18
  8   0 +0.249999999953333 +0.198277817590000 +0.000000000000000 +0.000004435668158 +100.000000000000000 +0.252679956576686 +0.000000000000000 +2.888919646479427 +0.000006647596147 +0.252679956576686 +0.000000000000000 +2.888912175906124 +0.000000000000000 +0.252679956576686 +0.000000000000000 +2.888912175906124 +0.000000000000000
  8   1 +0.249999999953333 +0.198277817590667 +0.000000000000000 +0.000004503958032 +100.000000000000000 +0.252679956576686 +0.000000000000000 +2.888919646479427 +0.000006647596147 +0.252679956576686 +0.000000000000000 +2.888912175906124 +0.000000000000000 +0.252679956576686 +0.000000000000000 +2.888912175906124 +0.000000000000000
  8   2 +0.249999999953333 +0.198277817591333 +0.000000000000000 +0.000004573464177 +100.000000000000000 +0.252679956576686 +0.000000000000000 +2.888919646479427 +0.000006647596147 +0.252679956576686 +0.000000000000000 +2.888912175906124 +0.000000000000000 +0.252679956576686 +0.000000000000000 +2.888912175906124 +0.000000000000000
  8   3 +0.249999999953333 +0.198277817592000 +0.000000000000000 +0.000004644045365 +100.000000000000000 +0.252679956576686 +0.000000000000000 +2.888919646479427 +0.000006647596147 +0.252679956576686 +0.000000000000000 +2.888912175906124 +0.000000000000000 +0.252679956576686 +0.000000000000000 +2.888912175906124 +0.000000000000000
  8   4 +0.249999999953333 +0.198277817592667 +0.000000000000000 +0.000004715617245 +100.000000000000000 +0.252679956576686 +0.000000000000000 +2.888919646479427 +0.000006647596147 +0.252679956576686 +0.000000000000000 +2.888912175906124 +0.000000000000000 +0.252679956576686 +0.000000000000000 +2.888912175906124 +0.000000000000000
  8   5 +0.249999999953333 +0.198277817593333 +0.000000000000000 +0.000004788267146 +100.000000000000000 +0.252679956576686 +0.000000000000000 +2.888919646479427 +0.000006647596147 +0.252679956576686 +0.000000000000000 +2.888912175906124 +0.000000000000000 +0.252679956576686 +0.000000000000000 +2.888912175906124 +0.000000000000000
  8   6 +0.249999999953333 +0.198277817594000 +0.000000000000000 +0.000004861788294 +100.000000000000000 +0.252679956576686 +0.000000000000000 +2.888919646479427 +0.000006647596147 +0.252679956576686 +0.000000000000000 +2.888912175906124 +0.000000000000000 +0.252679956576686 +0.000000000000000 +2.888912175906124 +0.000000000000000
  8   7 +0.249999999953333 +0.198277817594667 +0.000000000000000 +0.000004936430362 +100.000000000000000 +0.252679956576686 +0.000000000000000 +2.888919646479427 +0.000006647596147 +0.252679956576686 +0.000000000000000 +2.888912175906124 +0.000000000000000 +0.252679956576686 +0.000000000000000 +2.888912175906124 +0.000000000000000
  9   0 +0.249999999960000 +0.198277817590000 +0.000000000000000 +0.000003639153844 +100.000000000000000 +0.252679956583622 +0.000000000000000 +2.888919646472582 +0.000006647596147 +0.252679956583622 +0.000000000000000 +2.888912175899279 +0.000000000000000 +0.252679956583622 +0.000000000000000 +2.888912175899279 +0.000000000000000
  9   1 +0.249999999960000 +0.198277817590667 +0.000000000000000 +0.000003740642733 +100.000000000000000 +0.252679956583622 +0.000000000000000 +2.888919646472582 +0.000006647596147 +0.252679956583622 +0.000000000000000 +2.888912175899279 +0.000000000000000 +0.252679956583622 +0.000000000000000 +2.888912175899279 +0.000000000000000
  9   2 +0.249999999960000 +0.198277817591333 +0.000000000000000 +0.000003843890444 +100.000000000000000 +0.252679956583622 +0.000000000000000 +2.888919646472582 +0.000006647596147 +0.252679956583622 +0.000000000000000 +2.888912175899279 +0.000000000000000 +0.252679956583622 +0.000000000000000 +2.888912175899279 +0.000000000000000
  9   3 +0.249999999960000 +0.198277817592000 +0.000000000000000 +0.000003948621759 +100.000000000000000 +0.252679956583622 +0.000000000000000 +2.888919646472582 +0.000006647596147 +0.252679956583622 +0.000000000000000 +2.888912175899279 +0.000000000000000 +0.252679956583622 +0.000000000000000 +2.888912175899279 +0.000000000000000
  9   4 +0.249999999960000 +0.198277817592667 +0.000000000000000 +0.000004054823605 +100.000000000000000 +0.252679956583622 +0.000000000000000 +2.888919646472582 +0.000006647596147 +0.252679956583622 +0.000000000000000 +2.888912175899279 +0.000000000000000 +0.252679956583622 +0.000000000000000 +2.888912175899279 +0.000000000000000
  9   5 +0.249999999960000 +0.198277817593333 +0.000000000000000 +0.000004162194551 +100.000000000000000 +0.252679956583622 +0.000000000000000 +2.888919646472582 +0.000006647596147 +0.252679956583622 +0.000000000000000 +2.888912175899279 +0.000000000000000 +0.252679956583622 +0.000000000000000 +2.888912175899279 +0.000000000000000
  9   6 +0.249999999960000 +0.198277817594000 +0.000000000000000 +0.000004270897160 +100.000000000000000 +0.252679956583622 +0.000000000000000 +2.888919646472582 +0.000006647596147 +0.252679956583622 +0.000000000000000 +2.888912175899279 +0.000000000000000 +0.252679956583622 +0.000000000000000 +2.888912175899279 +0.000000000000000
  9   7 +0.249999999960000 +0.198277817594667 +0.000000000000000 +0.000004362594993 +100.000000000000000 +0.252679956583622 +0.000000000000000 +2.888919646472582 +0.000006647596147 +0.252679956583622 +0.000000000000000 +2.888912175899279 +0.000000000000000 +0.252679956583622 +0.000000000000000 +2.888912175899279 +0.000000000000000
  9   8 +0.249999999960000 +0.198277817595333 +0.000000000000000 +0.000004429547034 +100.000000000000000 +0.252679956583622 +0.000000000000000 +2.888919646472582 +0.000006647596147 +0.252679956583622 +0.000000000000000 +2.888912175899279 +0.000000000000000 +0.252679956583622 +0.000000000000000 +2.888912175899279 +0.000000000000000
  9   9 +0.249999999960000 +0.198277817596000 +0.000000000000000 +0.000004497783052 +100.000000000000000 +0.252679956583622 +0.000000000000000 +2.888919646472582 +0.000006647596147 +0.252679956583622 +0.000000000000000 +2.888912175899279 +0.000000000000000 +0.252679956583622 +0.000000000000000 +2.888912175899279 +0.000000000000000
  9  10 +0.249999999960000 +0.198277817596667 +0.000000000000000 +0.000004567055759 +100.000000000000000 +0.252679956583622 +0.000000000000000 +2.888919646472582 +0.000006647596147 +0.252679956583622 +0.000000000000000 +2.888912175899279 +0.000000000000000 +0.252679956583622 +0.000000000000000 +2.888912175899279 +0.000000000000000
  9  11 +0.249999999960000 +0.198277817597333 +0.000000000000000 +0.000004637623225 +100.000000000000000 +0.252679956583622 +0.000000000000000 +2.888919646472582 +0.000006647596147 +0.252679956583622 +0.000000000000000 +2.888912175899279 +0.000000000000000 +0.252679956583622 +0.000000000000000 +2.888912175899279 +0.000000000000000
  9  12 +0.249999999960000 +0.198277817598000 +0.000000000000000 +0.000004709179668 +100.000000000000000 +0.252679956583622 +0.000000000000000 +2.888919646472582 +0.000006647596147 +0.252679956583622 +0.000000000000000 +2.888912175899279 +0.000000000000000 +0.252679956583622 +0.000000000000000 +2.888912175899279 +0.000000000000000
  9  13 +0.249999999960000 +0.198277817598667 +0.000000000000000 +0.000004781657389 +100.000000000000000 +0.252679956583622 +0.000000000000000 +2.888919646472582 +0.000006647596147 +0.252679956583622 +0.000000000000000 +2.888912175899279 +0.000000000000000 +0.252679956583622 +0.000000000000000 +2.888912175899279 +0.000000000000000
  9  14 +0.249999999960000 +0.198277817599333 +0.000000000000000 +0.000004855188065 +100.000000000000000 +0.252679956583622 +0.000000000000000 +2.888919646472582 +0.000006647596147 +0.252679956583622 +0.000000000000000 +2.888912175899279 +0.000000000000000 +0.252679956583622 +0.000000000000000 +2.888912175899279 +0.000000000000000
  9  15 +0.249999999960000 +0.198277817600000 +0.000000000000000 +0.000004929709088 +100.000000000000000 +0.252679956583622 +0.000000000000000 +2.888919646472582 +0.000006647596147 +0.252679956583622 +0.000000000000000 +2.888912175899279 +0.000000000000000 +0.252679956583622 +0.000000000000000 +2.888912175899279 +0.000000000000000
 10   0 +0.249999999966667 +0.198277817590000 +0.000000000000000 +0.000002795923873 +100.000000000000000 +0.252679956590544 +0.000000000000000 +2.888919646465625 +0.000006647596147 +0.252679956590544 +0.000000000000000 +2.888912175892322 +0.000000000000000 +0.252679956590544 +0.000000000000000 +2.888912175892322 +0.000000000000000
 10   1 +0.249999999966667 +0.198277817590667 +0.000000000000000 +0.000002939422382 +100.000000000000000 +0.252679956590544 +0.000000000000000 +2.888919646465625 +0.000006647596147 +0.252679956590544 +0.000000000000000 +2.888912175892322 +0.000000000000000 +0.252679956590544 +0.000000000000000 +2.888912175892322 +0.000000000000000
 10   2 +0.249999999966667 +0.198277817591333 +0.000000000000000 +0.000003068791116 +100.000000000000000 +0.252679956590544 +0.000000000000000 +2.888919646465625 +0.000006647596147 +0.252679956590544 +0.000000000000000 +2.888912175892322 +0.000000000000000 +0.252679956590544 +0.000000000000000 +2.888912175892322 +0.000000000000000
 10   3 +0.249999999966667 +0.198277817592000 +0.000000000000000 +0.000003155614685 +100.000000000000000 +0.252679956590544 +0.000000000000000 +2.888919646465625 +0.000006647596147 +0.252679956590544 +0.000000000000000 +2.888912175892322 +0.000000000000000 +0.252679956590544 +0.000000000000000 +2.888912175892322 +0.000000000000000
 10   4 +0.249999999966667 +0.198277817592667 +0.000000000000000 +0.000003245658946 +100.000000000000000 +0.252679956590544 +0.000000000000000 +2.888919646465625 +0.000006647596147 +0.252679956590544 +0.000000000000000 +2.888912175892322 +0.000000000000000 +0.252679956590544 +0.000000000000000 +2.888912175892322 +0.000000000000000
 10   5 +0.249999999966667 +0.198277817593333 +0.000000000000000 +0.000003338185343 +100.000000000000000 +0.252679956590544 +0.000000000000000 +2.888919646465625 +0.000006647596147 +0.252679956590544 +0.000000000000000 +2.888912175892322 +0.000000000000000 +0.252679956590544 +0.000000000000000 +2.888912175892322 +0.000000000000000
 10   6 +0.249999999966667 +0.198277817594000 +0.000000000000000 +0.000003433407312 +100.000000000000000 +0.252679956590544 +0.000000000000000 +2.888919646465625 +0.000006647596147 +0.252679956590544 +0.000000000000000 +2.888912175892322 +0.000000000000000 +0.252679956590544 +0.000000000000000 +2.888912175892322 +0.000000000000000
 10   7 +0.249999999966667 +0.198277817594667 +0.000000000000000 +0.000003530749984 +100.000000000000000 +0.252679956590544 +0.000000000000000 +2.888919646465625 +0.000006647596147 +0.252679956590544 +0.000000000000000 +2.888912175892322 +0.000000000000000 +0.252679956590544 +0.000000000000000 +2.888912175892322 +0.000000000000000
 10   8 +0.249999999966667 +0.198277817595333 +0.000000000000000 +0.000003630183443 +100.000000000000000 +0.252679956590544 +0.000000000000000 +2.888919646465625 +0.000006647596147 +0.252679956590544 +0.000000000000000 +2.888912175892322 +0.000000000000000 +0.252679956590544 +0.000000000000000 +2.888912175892322 +0.000000000000000
 10   9 +0.249999999966667 +0.198277817596000 +0.000000000000000 +0.000003731498358 +100.000000000000000 +0.252679956590544 +0.000000000000000 +2.888919646465625 +0.000006647596147 +0.252679956590544 +0.000000000000000 +2.888912175892322 +0.000000000000000 +0.252679956590544 +0.000000000000000 +2.888912175892322 +0.000000000000000
 10  10 +0.249999999966667 +0.198277817596667 +0.000000000000000 +0.000003834401754 +100.000000000000000 +0.252679956590544 +0.000000000000000 +2.888919646465625 +0.000006647596147 +0.252679956590544 +0.000000000000000 +2.888912175892322 +0.000000000000000 +0.252679956590544 +0.000000000000000 +2.888912175892322 +0.000000000000000
 10  11 +0.249999999966667 +0.198277817597333 +0.000000000000000 +0.000003939047572 +100.000000000000000 +0.252679956590544 +0.000000000000000 +2.888919646465625 +0.000006647596147 +0.252679956590544 +0.000000000000000 +2.888912175892322 +0.000000000000000 +0.252679956590544 +0.000000000000000 +2.888912175892322 +0.000000000000000
 10  12 +0.249999999966667 +0.198277817598000 +0.000000000000000 +0.000004045188519 +100.000000000000000 +0.252679956590544 +0.000000000000000 +2.888919646465625 +0.000006647596147 +0.252679956590544 +0.000000000000000 +2.888912175892322 +0.000000000000000 +0.252679956590544 +0.000000000000000 +2.888912175892322 +0.000000000000000
 10  13 +0.249999999966667 +0.198277817598667 +0.000000000000000 +0.000004152443594 +100.000000000000000 +0.252679956590544 +0.000000000000000 +2.888919646465625 +0.000006647596147 +0.252679956590544 +0.000000000000000 +2.888912175892322 +0.000000000000000 +0.252679956590544 +0.000000000000000 +2.888912175892322 +0.000000000000000
 10  14 +0.249999999966667 +0.198277817599333 +0.000000000000000 +0.000004261048566 +100.000000000000000 +0.252679956590544 +0.000000000000000 +2.888919646465625 +0.000006647596147 +0.252679956590544 +0.000000000000000 +2.888912175892322 +0.000000000000000 +0.252679956590544 +0.000000000000000 +2.888912175892322 +0.000000000000000
 10  15 +0.249999999966667 +0.198277817600000 +0.000000000000000 +0.000004356707827 +100.000000000000000 +0.252679956590544 +0.000000000000000 +2.888919646465625 +0.000006647596147 +0.252679956590544 +0.000000000000000 +2.888912175892322 +0.000000000000000 +0.252679956590544 +0.000000000000000 +2.888912175892322 +0.000000000000000
 10  16 +0.249999999966667 +0.198277817600667 +0.000000000000000 +0.000004423449764 +100.000000000000000 +0.252679956590544 +0.000000000000000 +2.888919646465625 +0.000006647596147 +0.252679956590544 +0.000000000000000 +2.888912175892322 +0.000000000000000 +0.252679956590544 +0.000000000000000 +2.888912175892322 +0.000000000000000
 10  17 +0.249999999966667 +0.198277817601333 +0.000000000000000 +0.000004491581366 +100.000000000000000 +0.252679956590544 +0.000000000000000 +2.888919646465625 +0.000006647596147 +0.252679956590544 +0.000000000000000 +2.888912175892322 +0.000000000000000 +0.252679956590544 +0.000000000000000 +2.888912175892322 +0.000000000000000
 10  18 +0.249999999966667 +0.198277817602000 +0.000000000000000 +0.000004560882287 +100.000000000000000 +0.252679956590544 +0.000000000000000 +2.888919646465625 +0.000006647596147 +0.252679956590544 +0.000000000000000 +2.888912175892322 +0.000000000000000 +0.252679956590544 +0.000000000000000 +2.888912175892322 +0.000000000000000
 10  19 +0.249999999966667 +0.198277817602667 +0.000000000000000 +0.000004631247310 +100.000000000000000 +0.252679956590544 +0.000000000000000 +2.888919646465625 +0.000006647596147 +0.252679956590544 +0.000000000000000 +2.888912175892322 +0.000000000000000 +0.252679956590544 +0.000000000000000 +2.888912175892322 +0.000000000000000
 10  20 +0.249999999966667 +0.198277817603333 +0.000000000000000 +0.000004702718990 +100.000000000000000 +0.252679956590544 +0.000000000000000 +2.888919646465625 +0.000006647596147 +0.252679956590544 +0.000000000000000 +2.888912175892322 +0.000000000000000 +0.252679956590544 +0.000000000000000 +2.888912175892322 +0.000000000000000
 10  21 +0.249999999966667 +0.198277817604000 +0.000000000000000 +0.000004775130258 +100.000000000000000 +0.252679956590544 +0.000000000000000 +2.888919646465625 +0.000006647596147 +0.252679956590544 +0.000000000000000 +2.888912175892322 +0.000000000000000 +0.252679956590544 +0.000000000000000 +2.888912175892322 +0.000000000000000
 10  22 +0.249999999966667 +0.198277817604667 +0.000000000000000 +0.000004848605126 +100.000000000000000 +0.252679956590544 +0.000000000000000 +2.888919646465625 +0.000006647596147 +0.252679956590544 +0.000000000000000 +2.888912175892322 +0.000000000000000 +0.252679956590544 +0.000000000000000 +2.888912175892322 +0.000000000000000
 10  23 +0.249999999966667 +0.198277817605333 +0.000000000000000 +0.000004922862037 +100.000000000000000 +0.252679956590544 +0.000000000000000 +2.888919646465625 +0.000006647596147 +0.252679956590544 +0.000000000000000 +2.888912175892322 +0.000000000000000 +0.252679956590544 +0.000000000000000 +2.888912175892322 +0.000000000000000
 10  24 +0.249999999966667 +0.198277817606000 +0.000000000000000 +0.000004998220392 +100.000000000000000 +0.252679956590544 +0.000000000000000 +2.888919646465625 +0.000006647596147 +0.252679956590544 +0.000000000000000 +2.888912175892322 +0.000000000000000 +0.252679956590544 +0.000000000000000 +2.888912175892322 +0.000000000000000
 11   0 +0.249999999973333 +0.198277817590000 +0.000000000000000 +0.000001609626053 +100.000000000000000 +0.252679956597403 +0.000000000000000 +2.888919646458795 +0.000006647596147 +0.252679956597403 +0.000000000000000 +2.888912175885492 +0.000000000000000 +0.252679956597403 +0.000000000000000 +2.888912175885492 +0.000000000000000
 11   1 +0.249999999973333 +0.198277817590667 +0.000000000000000 +0.000001789311693 +100.000000000000000 +0.252679956597403 +0.000000000000000 +2.888919646458795 +0.000006647596147 +0.252679956597403 +0.000000000000000 +2.888912175885492 +0.000000000000000 +0.252679956597403 +0.000000000000000 +2.888912175885492 +0.000000000000000
 11   2 +0.249999999973333 +0.198277817591333 +0.000000000000000 +0.000001980788699 +100.000000000000000 +0.252679956597403 +0.000000000000000 +2.888919646458795 +0.000006647596147 +0.252679956597403 +0.000000000000000 +2.888912175885492 +0.000000000000000 +0.252679956597403 +0.000000000000000 +2.888912175885492 +0.000000000000000
 11   3 +0.249999999973333 +0.198277817592000 +0.000000000000000 +0.000002135776273 +100.000000000000000 +0.252679956597403 +0.000000000000000 +2.888919646458795 +0.000006647596147 +0.252679956597403 +0.000000000000000 +2.888912175885492 +0.000000000000000 +0.252679956597403 +0.000000000000000 +2.888912175885492 +0.000000000000000
 11   4 +0.249999999973333 +0.198277817592667 +0.000000000000000 +0.000002253351395 +100.000000000000000 +0.252679956597403 +0.000000000000000 +2.888919646458795 +0.000006647596147 +0.252679956597403 +0.000000000000000 +2.888912175885492 +0.000000000000000 +0.252679956597403 +0.000000000000000 +2.888912175885492 +0.000000000000000
 11   5 +0.249999999973333 +0.198277817593333 +0.000000000000000 +0.000002377922099 +100.000000000000000 +0.252679956597403 +0.000000000000000 +2.888919646458795 +0.000006647596147 +0.252679956597403 +0.000000000000000 +2.888912175885492 +0.000000000000000 +0.252679956597403 +0.000000000000000 +2.888912175885492 +0.000000000000000
 11   6 +0.249999999973333 +0.198277817594000 +0.000000000000000 +0.000002508390781 +100.000000000000000 +0.252679956597403 +0.000000000000000 +2.888919646458795 +0.000006647596147 +0.252679956597403 +0.000000000000000 +2.888912175885492 +0.000000000000000 +0.252679956597403 +0.000000000000000 +2.888912175885492 +0.000000000000000
 11   7 +0.249999999973333 +0.198277817594667 +0.000000000000000 +0.000002643760847 +100.000000000000000 +0.252679956597403 +0.000000000000000 +2.888919646458795 +0.000006647596147 +0.252679956597403 +0.000000000000000 +2.888912175885492 +0.000000000000000 +0.252679956597403 +0.000000000000000 +2.888912175885492 +0.000000000000000
 11   8 +0.249999999973333 +0.198277817595333 +0.000000000000000 +0.000002783259463 +100.000000000000000 +0.252679956597403 +0.000000000000000 +2.888919646458795 +0.000006647596147 +0.252679956597403 +0.000000000000000 +2.888912175885492 +0.000000000000000 +0.252679956597403 +0.000000000000000 +2.888912175885492 +0.000000000000000
 11   9 +0.249999999973333 +0.198277817596000 +0.000000000000000 +0.000002926111840 +100.000000000000000 +0.252679956597403 +0.000000000000000 +2.888919646458795 +0.000006647596147 +0.252679956597403 +0.000000000000000 +2.888912175885492 +0.000000000000000 +0.252679956597403 +0.000000000000000 +2.888912175885492 +0.000000000000000
 11  10 +0.249999999973333 +0.198277817596667 +0.000000000000000 +0.000003061086401 +100.000000000000000 +0.252679956597403 +0.000000000000000 +2.888919646458795 +0.000006647596147 +0.252679956597403 +0.000000000000000 +2.888912175885492 +0.000000000000000 +0.252679956597403 +0.000000000000000 +2.888912175885492 +0.000000000000000
 11  11 +0.249999999973333 +0.198277817597333 +0.000000000000000 +0.000003147736078 +100.000000000000000 +0.252679956597403 +0.000000000000000 +2.888919646458795 +0.000006647596147 +0.252679956597403 +0.000000000000000 +2.888912175885492 +0.000000000000000 +0.252679956597403 +0.000000000000000 +2.888912175885492 +0.000000000000000
 11  12 +0.249999999973333 +0.198277817598000 +0.000000000000000 +0.000003237525463 +100.000000000000000 +0.252679956597403 +0.000000000000000 +2.888919646458795 +0.000006647596147 +0.252679956597403 +0.000000000000000 +2.888912175885492 +0.000000000000000 +0.252679956597403 +0.000000000000000 +2.888912175885492 +0.000000000000000
 11  13 +0.249999999973333 +0.198277817598667 +0.000000000000000 +0.000003329817722 +100.000000000000000 +0.252679956597403 +0.000000000000000 +2.888919646458795 +0.000006647596147 +0.252679956597403 +0.000000000000000 +2.888912175885492 +0.000000000000000 +0.252679956597403 +0.000000000000000 +2.888912175885492 +0.000000000000000
 11  14 +0.249999999973333 +0.198277817599333 +0.000000000000000 +0.000003424610260 +100.000000000000000 +0.252679956597403 +0.000000000000000 +2.888919646458795 +0.000006647596147 +0.252679956597403 +0.000000000000000 +2.888912175885492 +0.000000000000000 +0.252679956597403 +0.000000000000000 +2.888912175885492 +0.000000000000000
 11  15 +0.249999999973333 +0.198277817600000 +0.000000000000000 +0.000003521907393 +100.000000000000000 +0.252679956597403 +0.000000000000000 +2.888919646458795 +0.000006647596147 +0.252679956597403 +0.000000000000000 +2.888912175885492 +0.000000000000000 +0.252679956597403 +0.000000000000000 +2.888912175885492 +0.000000000000000
 11  16 +0.249999999973333 +0.198277817600667 +0.000000000000000 +0.000003621140900 +100.000000000000000 +0.252679956597403 +0.000000000000000 +2.888919646458795 +0.000006647596147 +0.252679956597403 +0.000000000000000 +2.888912175885492 +0.000000000000000 +0.252679956597403 +0.000000000000000 +2.888912175885492 +0.000000000000000
 11  17 +0.249999999973333 +0.198277817601333 +0.000000000000000 +0.000003722257569 +100.000000000000000 +0.252679956597403 +0.000000000000000 +2.888919646458795 +0.000006647596147 +0.252679956597403 +0.000000000000000 +2.888912175885492 +0.000000000000000 +0.252679956597403 +0.000000000000000 +2.888912175885492 +0.000000000000000
 11  18 +0.249999999973333 +0.198277817602000 +0.000000000000000 +0.000003825158352 +100.000000000000000 +0.252679956597403 +0.000000000000000 +2.888919646458795 +0.000006647596147 +0.252679956597403 +0.000000000000000 +2.888912175885492 +0.000000000000000 +0.252679956597403 +0.000000000000000 +2.888912175885492 +0.000000000000000
 11  19 +0.249999999973333 +0.198277817602667 +0.000000000000000 +0.000003929608033 +100.000000000000000 +0.252679956597403 +0.000000000000000 +2.888919646458795 +0.000006647596147 +0.252679956597403 +0.000000000000000 +2.888912175885492 +0.000000000000000 +0.252679956597403 +0.000000000000000 +2.888912175885492 +0.000000000000000
 11  20 +0.249999999973333 +0.198277817603333 +0.000000000000000 +0.000004035548104 +100.000000000000000 +0.252679956597403 +0.000000000000000 +2.888919646458795 +0.000006647596147 +0.252679956597403 +0.000000000000000 +2.888912175885492 +0.000000000000000 +0.252679956597403 +0.000000000000000 +2.888912175885492 +0.000000000000000
 11  21 +0.249999999973333 +0.198277817604000 +0.000000000000000 +0.000004142815097 +100.000000000000000 +0.252679956597403 +0.000000000000000 +2.888919646458795 +0.000006647596147 +0.252679956597403 +0.000000000000000 +2.888912175885492 +0.000000000000000 +0.252679956597403 +0.000000000000000 +2.888912175885492 +0.000000000000000
 11  22 +0.249999999973333 +0.198277817604667 +0.000000000000000 +0.000004251223385 +100.000000000000000 +0.252679956597403 +0.000000000000000 +2.888919646458795 +0.000006647596147 +0.252679956597403 +0.000000000000000 +2.888912175885492 +0.000000000000000 +0.252679956597403 +0.000000000000000 +2.888912175885492 +0.000000000000000
 11  23 +0.249999999973333 +0.198277817605333 +0.000000000000000 +0.000004350616520 +100.000000000000000 +0.252679956597403 +0.000000000000000 +2.888919646458795 +0.000006647596147 +0.252679956597403 +0.000000000000000 +2.888912175885492 +0.000000000000000 +0.252679956597403 +0.000000000000000 +2.888912175885492 +0.000000000000000
 11  24 +0.249999999973333 +0.198277817606000 +0.000000000000000 +0.000004417479830 +100.000000000000000 +0.252679956597403 +0.000000000000000 +2.888919646458795 +0.000006647596147 +0.252679956597403 +0.000000000000000 +2.888912175885492 +0.000000000000000 +0.252679956597403 +0.000000000000000 +2.888912175885492 +0.000000000000000
 11  25 +0.249999999973333 +0.198277817606667 +0.000000000000000 +0.000004485494809 +100.000000000000000 +0.252679956597403 +0.000000000000000 +2.888919646458795 +0.000006647596147 +0.252679956597403 +0.000000000000000 +2.888912175885492 +0.000000000000000 +0.252679956597403 +0.000000000000000 +2.888912175885492 +0.000000000000000
 11  26 +0.249999999973333 +0.198277817607333 +0.000000000000000 +0.000004554668074 +100.000000000000000 +0.252679956597403 +0.000000000000000 +2.888919646458795 +0.000006647596147 +0.252679956597403 +0.000000000000000 +2.888912175885492 +0.000000000000000 +0.252679956597403 +0.000000000000000 +2.888912175885492 +0.000000000000000
 11  27 +0.249999999973333 +0.198277817608000 +0.000000000000000 +0.000004624918393 +100.000000000000000 +0.252679956597403 +0.000000000000000 +2.888919646458795 +0.000006647596147 +0.252679956597403 +0.000000000000000 +2.888912175885492 +0.000000000000000 +0.252679956597403 +0.000000000000000 +2.888912175885492 +0.000000000000000
 11  28 +0.249999999973333 +0.198277817608667 +0.000000000000000 +0.000004696161911 +100.000000000000000 +0.252679956597403 +0.000000000000000 +2.888919646458795 +0.000006647596147 +0.252679956597403 +0.000000000000000 +2.888912175885492 +0.000000000000000 +0.252679956597403 +0.000000000000000 +2.888912175885492 +0.000000000000000
 11  29 +0.249999999973333 +0.198277817609333 +0.000000000000000 +0.000004768629729 +100.000000000000000 +0.252679956597403 +0.000000000000000 +2.888919646458795 +0.000006647596147 +0.252679956597403 +0.000000000000000 +2.888912175885492 +0.000000000000000 +0.252679956597403 +0.000000000000000 +2.888912175885492 +0.000000000000000
 11  30 +0.249999999973333 +0.198277817610000 +0.000000000000000 +0.000004841967857 +100.000000000000000 +0.252679956597403 +0.000000000000000 +2.888919646458795 +0.000006647596147 +0.252679956597403 +0.000000000000000 +2.888912175885492 +0.000000000000000 +0.252679956597403 +0.000000000000000 +2.888912175885492 +0.000000000000000
 12   0 +0.249999999980000 +0.198277817590000 +0.000000000000000 +0.000000487023125 +100.000000000000000 +0.252679956604277 +0.000000000000000 +2.888919646451924 +0.000006647596147 +0.252679956604277 +0.000000000000000 +2.888912175878622 +0.000000000000000 +0.252679956604277 +0.000000000000000 +2.888912175878622 +0.000000000000000
 12   1 +0.249999999980000 +0.198277817590667 +0.000000000000000 +0.000000464332710 +100.000000000000000 +0.252679956604277 +0.000000000000000 +2.888919646451924 +0.000006647596147 +0.252679956604277 +0.000000000000000 +2.888912175878622 +0.000000000000000 +0.252679956604277 +0.000000000000000 +2.888912175878622 +0.000000000000000
 12   2 +0.249999999980000 +0.198277817591333 +0.000000000000000 +0.000000678347522 +100.000000000000000 +0.252679956604277 +0.000000000000000 +2.888919646451924 +0.000006647596147 +0.252679956604277 +0.000000000000000 +2.888912175878622 +0.000000000000000 +0.252679956604277 +0.000000000000000 +2.888912175878622 +0.000000000000000
 12   3 +0.249999999980000 +0.198277817592000 +0.000000000000000 +0.000000361215444 +100.000000000000000 +0.252679956604277 +0.000000000000000 +2.888919646451924 +0.000006647596147 +0.252679956604277 +0.000000000000000 +2.888912175878622 +0.000000000000000 +0.252679956604277 +0.000000000000000 +2.888912175878622 +0.000000000000000
 12   4 +0.249999999980000 +0.198277817592667 +0.000000000000000 +0.000000687919590 +100.000000000000000 +0.252679956604277 +0.000000000000000 +2.888919646451924 +0.000006647596147 +0.252679956604277 +0.000000000000000 +2.888912175878622 +0.000000000000000 +0.252679956604277 +0.000000000000000 +2.888912175878622 +0.000000000000000
 12   5 +0.249999999980000 +0.198277817593333 +0.000000000000000 +0.000000970568347 +100.000000000000000 +0.252679956604277 +0.000000000000000 +2.888919646451924 +0.000006647596147 +0.252679956604277 +0.000000000000000 +2.888912175878622 +0.000000000000000 +0.252679956604277 +0.000000000000000 +2.888912175878622 +0.000000000000000
 12   6 +0.249999999980000 +0.198277817594000 +0.000000000000000 +0.000001211269241 +100.000000000000000 +0.252679956604277 +0.000000000000000 +2.888919646451924 +0.000006647596147 +0.252679956604277 +0.000000000000000 +2.888912175878622 +0.000000000000000 +0.252679956604277 +0.000000000000000 +2.888912175878622 +0.000000000000000
 12   7 +0.249999999980000 +0.198277817594667 +0.000000000000000 +0.000001431924921 +100.000000000000000 +0.252679956604277 +0.000000000000000 +2.888919646451924 +0.000006647596147 +0.252679956604277 +0.000000000000000 +2.888912175878622 +0.000000000000000 +0.252679956604277 +0.000000000000000 +2.888912175878622 +0.000000000000000
 12   8 +0.249999999980000 +0.198277817595333 +0.000000000000000 +0.000001594262815 +100.000000000000000 +0.252679956604277 +0.000000000000000 +2.888919646451924 +0.000006647596147 +0.252679956604277 +0.000000000000000 +2.888912175878622 +0.000000000000000 +0.252679956604277 +0.000000000000000 +2.888912175878622 +0.000000000000000
 12   9 +0.249999999980000 +0.198277817596000 +0.000000000000000 +0.000001772969084 +100.000000000000000 +0.252679956604277 +0.000000000000000 +2.888919646451924 +0.000006647596147 +0.252679956604277 +0.000000000000000 +2.888912175878622 +0.000000000000000 +0.252679956604277 +0.000000000000000 +2.888912175878622 +0.000000000000000
 12  10 +0.249999999980000 +0.198277817596667 +0.000000000000000 +0.000001963476663 +100.000000000000000 +0.252679956604277 +0.000000000000000 +2.888919646451924 +0.000006647596147 +0.252679956604277 +0.000000000000000 +2.888912175878622 +0.000000000000000 +0.252679956604277 +0.000000000000000 +2.888912175878622 +0.000000000000000
 12  11 +0.249999999980000 +0.198277817597333 +0.000000000000000 +0.000002125541027 +100.000000000000000 +0.252679956604277 +0.000000000000000 +2.888919646451924 +0.000006647596147 +0.252679956604277 +0.000000000000000 +2.888912175878622 +0.000000000000000 +0.252679956604277 +0.000000000000000 +2.888912175878622 +0.000000000000000
 12  12 +0.249999999980000 +0.198277817598000 +0.000000000000000 +0.000002242545330 +100.000000000000000 +0.252679956604277 +0.000000000000000 +2.888919646451924 +0.000006647596147 +0.252679956604277 +0.000000000000000 +2.888912175878622 +0.000000000000000 +0.252679956604277 +0.000000000000000 +2.888912175878622 +0.000000000000000
 12  13 +0.249999999980000 +0.198277817598667 +0.000000000000000 +0.000002366477879 +100.000000000000000 +0.252679956604277 +0.000000000000000 +2.888919646451924 +0.000006647596147 +0.252679956604277 +0.000000000000000 +2.888912175878622 +0.000000000000000 +0.252679956604277 +0.000000000000000 +2.888912175878622 +0.000000000000000
 12  14 +0.249999999980000 +0.198277817599333 +0.000000000000000 +0.000002496225418 +100.000000000000000 +0.252679956604277 +0.000000000000000 +2.888919646451924 +0.000006647596147 +0.252679956604277 +0.000000000000000 +2.888912175878622 +0.000000000000000 +0.252679956604277 +0.000000000000000 +2.888912175878622 +0.000000000000000
 12  15 +0.249999999980000 +0.198277817600000 +0.000000000000000 +0.000002631329314 +100.000000000000000 +0.252679956604277 +0.000000000000000 +2.888919646451924 +0.000006647596147 +0.252679956604277 +0.000000000000000 +2.888912175878622 +0.000000000000000 +0.252679956604277 +0.000000000000000 +2.888912175878622 +0.000000000000000
 12  16 +0.249999999980000 +0.198277817600667 +0.000000000000000 +0.000002770658594 +100.000000000000000 +0.252679956604277 +0.000000000000000 +2.888919646451924 +0.000006647596147 +0.252679956604277 +0.000000000000000 +2.888912175878622 +0.000000000000000 +0.252679956604277 +0.000000000000000 +2.888912175878622 +0.000000000000000
 12  17 +0.249999999980000 +0.198277817601333 +0.000000000000000 +0.000002913250346 +100.000000000000000 +0.252679956604277 +0.000000000000000 +2.888919646451924 +0.000006647596147 +0.252679956604277 +0.000000000000000 +2.888912175878622 +0.000000000000000 +0.252679956604277 +0.000000000000000 +2.888912175878622 +0.000000000000000
 12  18 +0.249999999980000 +0.198277817602000 +0.000000000000000 +0.000003053425939 +100.000000000000000 +0.252679956604277 +0.000000000000000 +2.888919646451924 +0.000006647596147 +0.252679956604277 +0.000000000000000 +2.888912175878622 +0.000000000000000 +0.252679956604277 +0.000000000000000 +2.888912175878622 +0.000000000000000
 12  19 +0.249999999980000 +0.198277817602667 +0.000000000000000 +0.000003139842094 +100.000000000000000 +0.252679956604277 +0.000000000000000 +2.888919646451924 +0.000006647596147 +0.252679956604277 +0.000000000000000 +2.888912175878622 +0.000000000000000 +0.252679956604277 +0.000000000000000 +2.888912175878622 +0.000000000000000
 12  20 +0.249999999980000 +0.198277817603333 +0.000000000000000 +0.000003229329623 +100.000000000000000 +0.252679956604277 +0.000000000000000 +2.888919646451924 +0.000006647596147 +0.252679956604277 +0.000000000000000 +2.888912175878622 +0.000000000000000 +0.252679956604277 +0.000000000000000 +2.888912175878622 +0.000000000000000
 12  21 +0.249999999980000 +0.198277817604000 +0.000000000000000 +0.000003321437153 +100.000000000000000 +0.252679956604277 +0.000000000000000 +2.888919646451924 +0.000006647596147 +0.252679956604277 +0.000000000000000 +2.888912175878622 +0.000000000000000 +0.252679956604277 +0.000000000000000 +2.888912175878622 +0.000000000000000
 12  22 +0.249999999980000 +0.198277817604667 +0.000000000000000 +0.000003416009207 +100.000000000000000 +0.252679956604277 +0.000000000000000 +2.888919646451924 +0.000006647596147 +0.252679956604277 +0.000000000000000 +2.888912175878622 +0.000000000000000 +0.252679956604277 +0.000000000000000 +2.888912175878622 +0.000000000000000
 12  23 +0.249999999980000 +0.198277817605333 +0.000000000000000 +0.000003512973509 +100.000000000000000 +0.252679956604277 +0.000000000000000 +2.888919646451924 +0.000006647596147 +0.252679956604277 +0.000000000000000 +2.888912175878622 +0.000000000000000 +0.252679956604277 +0.000000000000000 +2.888912175878622 +0.000000000000000
 12  24 +0.249999999980000 +0.198277817606000 +0.000000000000000 +0.000003612226953 +100.000000000000000 +0.252679956604277 +0.000000000000000 +2.888919646451924 +0.000006647596147 +0.252679956604277 +0.000000000000000 +2.888912175878622 +0.000000000000000 +0.252679956604277 +0.000000000000000 +2.888912175878622 +0.000000000000000
 12  25 +0.249999999980000 +0.198277817606667 +0.000000000000000 +0.000003713097700 +100.000000000000000 +0.252679956604277 +0.000000000000000 +2.888919646451924 +0.000006647596147 +0.252679956604277 +0.000000000000000 +2.888912175878622 +0.000000000000000 +0.252679956604277 +0.000000000000000 +2.888912175878622 +0.000000000000000
 12  26 +0.249999999980000 +0.198277817607333 +0.000000000000000 +0.000003815889162 +100.000000000000000 +0.252679956604277 +0.000000000000000 +2.888919646451924 +0.000006647596147 +0.252679956604277 +0.000000000000000 +2.888912175878622 +0.000000000000000 +0.252679956604277 +0.000000000000000 +2.888912175878622 +0.000000000000000
 12  27 +0.249999999980000 +0.198277817608000 +0.000000000000000 +0.000003920067744 +100.000000000000000 +0.252679956604277 +0.000000000000000 +2.888919646451924 +0.000006647596147 +0.252679956604277 +0.000000000000000 +2.888912175878622 +0.000000000000000 +0.252679956604277 +0.000000000000000 +2.888912175878622 +0.000000000000000
 12  28 +0.249999999980000 +0.198277817608667 +0.000000000000000 +0.000004026012025 +100.000000000000000 +0.252679956604277 +0.000000000000000 +2.888919646451924 +0.000006647596147 +0.252679956604277 +0.000000000000000 +2.888912175878622 +0.000000000000000 +0.252679956604277 +0.000000000000000 +2.888912175878622 +0.000000000000000
 12  29 +0.249999999980000 +0.198277817609333 +0.000000000000000 +0.000004133081453 +100.000000000000000 +0.252679956604277 +0.000000000000000 +2.888919646451924 +0.000006647596147 +0.252679956604277 +0.000000000000000 +2.888912175878622 +0.000000000000000 +0.252679956604277 +0.000000000000000 +2.888912175878622 +0.000000000000000
 12  30 +0.249999999980000 +0.198277817610000 +0.000000000000000 +0.000004241493932 +100.000000000000000 +0.252679956604277 +0.000000000000000 +2.888919646451924 +0.000006647596147 +0.252679956604277 +0.000000000000000 +2.888912175878622 +0.000000000000000 +0.252679956604277 +0.000000000000000 +2.888912175878622 +0.000000000000000
 13   0 +0.249999999986667 +0.198277817590000 +0.000000000000000 +0.000002096246829 +100.000000000000000 +0.252679956611161 +0.000000000000000 +2.888919646445059 +0.000006647596147 +0.252679956611161 +0.000000000000000 +2.888912175871757 +0.000000000000000 +0.252679956611161 +0.000000000000000 +2.888912175871757 +0.000000000000000
 13   1 +0.249999999986667 +0.198277817590667 +0.000000000000000 +0.000001924211360 +100.000000000000000 +0.252679956611161 +0.000000000000000 +2.888919646445059 +0.000006647596147 +0.252679956611161 +0.000000000000000 +2.888912175871757 +0.000000000000000 +0.252679956611161 +0.000000000000000 +2.888912175871757 +0.000000000000000
 13   2 +0.249999999986667 +0.198277817591333 +0.000000000000000 +0.000001734812558 +100.000000000000000 +0.252679956611161 +0.000000000000000 +2.888919646445059 +0.000006647596147 +0.252679956611161 +0.000000000000000 +2.888912175871757 +0.000000000000000 +0.252679956611161 +0.000000000000000 +2.888912175871757 +0.000000000000000
 13   3 +0.249999999986667 +0.198277817592000 +0.000000000000000 +0.000001510247137 +100.000000000000000 +0.252679956611161 +0.000000000000000 +2.888919646445059 +0.000006647596147 +0.252679956611161 +0.000000000000000 +2.888912175871757 +0.000000000000000 +0.252679956611161 +0.000000000000000 +2.888912175871757 +0.000000000000000
 13   4 +0.249999999986667 +0.198277817592667 +0.000000000000000 +0.000001317133389 +100.000000000000000 +0.252679956611161 +0.000000000000000 +2.888919646445059 +0.000006647596147 +0.252679956611161 +0.000000000000000 +2.888912175871757 +0.000000000000000 +0.252679956611161 +0.000000000000000 +2.888912175871757 +0.000000000000000
 13   5 +0.249999999986667 +0.198277817593333 +0.000000000000000 +0.000001053658100 +100.000000000000000 +0.252679956611161 +0.000000000000000 +2.888919646445059 +0.000006647596147 +0.252679956611161 +0.000000000000000 +2.888912175871757 +0.000000000000000 +0.252679956611161 +0.000000000000000 +2.888912175871757 +0.000000000000000
 13   6 +0.249999999986667 +0.198277817594000 +0.000000000000000 +0.000000767898671 +100.000000000000000 +0.252679956611161 +0.000000000000000 +2.888919646445059 +0.000006647596147 +0.252679956611161 +0.000000000000000 +2.888912175871757 +0.000000000000000 +0.252679956611161 +0.000000000000000 +2.888912175871757 +0.000000000000000
 13   7 +0.249999999986667 +0.198277817594667 +0.000000000000000 +0.000000308762288 +100.000000000000000 +0.252679956611161 +0.000000000000000 +2.888919646445059 +0.000006647596147 +0.252679956611161 +0.000000000000000 +2.888912175871757 +0.000000000000000 +0.252679956611161 +0.000000000000000 +2.888912175871757 +0.000000000000000
 13   8 +0.249999999986667 +0.198277817595333 +0.000000000000000 +0.000000526186868 +100.000000000000000 +0.252679956611161 +0.000000000000000 +2.888919646445059 +0.000006647596147 +0.252679956611161 +0.000000000000000 +2.888912175871757 +0.000000000000000 +0.252679956611161 +0.000000000000000 +2.888912175871757 +0.000000000000000
 13   9 +0.249999999986667 +0.198277817596000 +0.000000000000000 +0.000000459688714 +100.000000000000000 +0.252679956611161 +0.000000000000000 +2.888919646445059 +0.000006647596147 +0.252679956611161 +0.000000000000000 +2.888912175871757 +0.000000000000000 +0.252679956611161 +0.000000000000000 +2.888912175871757 +0.000000000000000
 13  10 +0.249999999986667 +0.198277817596667 +0.000000000000000 +0.000000708935310 +100.000000000000000 +0.252679956611161 +0.000000000000000 +2.888919646445059 +0.000006647596147 +0.252679956611161 +0.000000000000000 +2.888912175871757 +0.000000000000000 +0.252679956611161 +0.000000000000000 +2.888912175871757 +0.000000000000000
 13  11 +0.249999999986667 +0.198277817597333 +0.000000000000000 +0.000000320572522 +100.000000000000000 +0.252679956611161 +0.000000000000000 +2.888919646445059 +0.000006647596147 +0.252679956611161 +0.000000000000000 +2.888912175871757 +0.000000000000000 +0.252679956611161 +0.000000000000000 +2.888912175871757 +0.000000000000000
 13  12 +0.249999999986667 +0.198277817598000 +0.000000000000000 +0.000000659212028 +100.000000000000000 +0.252679956611161 +0.000000000000000 +2.888919646445059 +0.000006647596147 +0.252679956611161 +0.000000000000000 +2.888912175871757 +0.000000000000000 +0.252679956611161 +0.000000000000000 +2.888912175871757 +0.000000000000000
 13  13 +0.249999999986667 +0.198277817598667 +0.000000000000000 +0.000000951708380 +100.000000000000000 +0.252679956611161 +0.000000000000000 +2.888919646445059 +0.000006647596147 +0.252679956611161 +0.000000000000000 +2.888912175871757 +0.000000000000000 +0.252679956611161 +0.000000000000000 +2.888912175871757 +0.000000000000000
 13  14 +0.249999999986667 +0.198277817599333 +0.000000000000000 +0.000001188366186 +100.000000000000000 +0.252679956611161 +0.000000000000000 +2.888919646445059 +0.000006647596147 +0.252679956611161 +0.000000000000000 +2.888912175871757 +0.000000000000000 +0.252679956611161 +0.000000000000000 +2.888912175871757 +0.000000000000000
 13  15 +0.249999999986667 +0.198277817600000 +0.000000000000000 +0.000001418477980 +100.000000000000000 +0.252679956611161 +0.000000000000000 +2.888919646445059 +0.000006647596147 +0.252679956611161 +0.000000000000000 +2.888912175871757 +0.000000000000000 +0.252679956611161 +0.000000000000000 +2.888912175871757 +0.000000000000000
 13  16 +0.249999999986667 +0.198277817600667 +0.000000000000000 +0.000001578877979 +100.000000000000000 +0.252679956611161 +0.000000000000000 +2.888919646445059 +0.000006647596147 +0.252679956611161 +0.000000000000000 +2.888912175871757 +0.000000000000000 +0.252679956611161 +0.000000000000000 +2.888912175871757 +0.000000000000000
 13  17 +0.249999999986667 +0.198277817601333 +0.000000000000000 +0.000001756260675 +100.000000000000000 +0.252679956611161 +0.000000000000000 +2.888919646445059 +0.000006647596147 +0.252679956611161 +0.000000000000000 +2.888912175871757 +0.000000000000000 +0.252679956611161 +0.000000000000000 +2.888912175871757 +0.000000000000000
 13  18 +0.249999999986667 +0.198277817602000 +0.000000000000000 +0.000001945956905 +100.000000000000000 +0.252679956611161 +0.000000000000000 +2.888919646445059 +0.000006647596147 +0.252679956611161 +0.000000000000000 +2.888912175871757 +0.000000000000000 +0.252679956611161 +0.000000000000000 +2.888912175871757 +0.000000000000000
 13  19 +0.249999999986667 +0.198277817602667 +0.000000000000000 +0.000002115387829 +100.000000000000000 +0.252679956611161 +0.000000000000000 +2.888919646445059 +0.000006647596147 +0.252679956611161 +0.000000000000000 +2.888912175871757 +0.000000000000000 +0.252679956611161 +0.000000000000000 +2.888912175871757 +0.000000000000000
 13  20 +0.249999999986667 +0.198277817603333 +0.000000000000000 +0.000002231720409 +100.000000000000000 +0.252679956611161 +0.000000000000000 +2.888919646445059 +0.000006647596147 +0.252679956611161 +0.000000000000000 +2.888912175871757 +0.000000000000000 +0.252679956611161 +0.000000000000000 +2.888912175871757 +0.000000000000000
 13  21 +0.249999999986667 +0.198277817604000 +0.000000000000000 +0.000002354951888 +100.000000000000000 +0.252679956611161 +0.000000000000000 +2.888919646445059 +0.000006647596147 +0.252679956611161 +0.000000000000000 +2.888912175871757 +0.000000000000000 +0.252679956611161 +0.000000000000000 +2.888912175871757 +0.000000000000000
 13  22 +0.249999999986667 +0.198277817604667 +0.000000000000000 +0.000002484604870 +100.000000000000000 +0.252679956611161 +0.000000000000000 +2.888919646445059 +0.000006647596147 +0.252679956611161 +0.000000000000000 +2.888912175871757 +0.000000000000000 +0.252679956611161 +0.000000000000000 +2.888912175871757 +0.000000000000000
 13  23 +0.249999999986667 +0.198277817605333 +0.000000000000000 +0.000002619034313 +100.000000000000000 +0.252679956611161 +0.000000000000000 +2.888919646445059 +0.000006647596147 +0.252679956611161 +0.000000000000000 +2.888912175871757 +0.000000000000000 +0.252679956611161 +0.000000000000000 +2.888912175871757 +0.000000000000000
 13  24 +0.249999999986667 +0.198277817606000 +0.000000000000000 +0.000002757761763 +100.000000000000000 +0.252679956611161 +0.000000000000000 +2.888919646445059 +0.000006647596147 +0.252679956611161 +0.000000000000000 +2.888912175871757 +0.000000000000000 +0.252679956611161 +0.000000000000000 +2.888912175871757 +0.000000000000000
 13  25 +0.249999999986667 +0.198277817606667 +0.000000000000000 +0.000002900252300 +100.000000000000000 +0.252679956611161 +0.000000000000000 +2.888919646445059 +0.000006647596147 +0.252679956611161 +0.000000000000000 +2.888912175871757 +0.000000000000000 +0.252679956611161 +0.000000000000000 +2.888912175871757 +0.000000000000000
 13  26 +0.249999999986667 +0.198277817607333 +0.000000000000000 +0.000003045659320 +100.000000000000000 +0.252679956611161 +0.000000000000000 +2.888919646445059 +0.000006647596147 +0.252679956611161 +0.000000000000000 +2.888912175871757 +0.000000000000000 +0.252679956611161 +0.000000000000000 +2.888912175871757 +0.000000000000000
 13  27 +0.249999999986667 +0.198277817608000 +0.000000000000000 +0.000003131893463 +100.000000000000000 +0.252679956611161 +0.000000000000000 +2.888919646445059 +0.000006647596147 +0.252679956611161 +0.000000000000000 +2.888912175871757 +0.000000000000000 +0.252679956611161 +0.000000000000000 +2.888912175871757 +0.000000000000000
 13  28 +0.249999999986667 +0.198277817608667 +0.000000000000000 +0.000003221194318 +100.000000000000000 +0.252679956611161 +0.000000000000000 +2.888919646445059 +0.000006647596147 +0.252679956611161 +0.000000000000000 +2.888912175871757 +0.000000000000000 +0.252679956611161 +0.000000000000000 +2.888912175871757 +0.000000000000000
 13  29 +0.249999999986667 +0.198277817609333 +0.000000000000000 +0.000003312973804 +100.000000000000000 +0.252679956611161 +0.000000000000000 +2.888919646445059 +0.000006647596147 +0.252679956611161 +0.000000000000000 +2.888912175871757 +0.000000000000000 +0.252679956611161 +0.000000000000000 +2.888912175871757 +0.000000000000000
 13  30 +0.249999999986667 +0.198277817610000 +0.000000000000000 +0.000003407464905 +100.000000000000000 +0.252679956611161 +0.000000000000000 +2.888919646445059 +0.000006647596147 +0.252679956611161 +0.000000000000000 +2.888912175871757 +0.000000000000000 +0.252679956611161 +0.000000000000000 +2.888912175871757 +0.000000000000000
 14   0 +0.249999999993333 +0.198277817590000 +0.000000000000000 +0.000003142183799 +100.000000000000000 +0.252679956618055 +0.000000000000000 +2.888919646438160 +0.000006647596147 +0.252679956618055 +0.000000000000000 +2.888912175864857 +0.000000000000000 +0.252679956618055 +0.000000000000000 +2.888912175864857 +0.000000000000000
 14   1 +0.249999999993333 +0.198277817590667 +0.000000000000000 +0.000003036241089 +100.000000000000000 +0.252679956618055 +0.000000000000000 +2.888919646438160 +0.000006647596147 +0.252679956618055 +0.000000000000000 +2.888912175864857 +0.000000000000000 +0.252679956618055 +0.000000000000000 +2.888912175864857 +0.000000000000000
 14   2 +0.249999999993333 +0.198277817591333 +0.000000000000000 +0.000002901966696 +100.000000000000000 +0.252679956618055 +0.000000000000000 +2.888919646438160 +0.000006647596147 +0.252679956618055 +0.000000000000000 +2.888912175864857 +0.000000000000000 +0.252679956618055 +0.000000000000000 +2.888912175864857 +0.000000000000000
 14   3 +0.249999999993333 +0.198277817592000 +0.000000000000000 +0.000002800475187 +100.000000000000000 +0.252679956618055 +0.000000000000000 +2.888919646438160 +0.000006647596147 +0.252679956618055 +0.000000000000000 +2.888912175864857 +0.000000000000000 +0.252679956618055 +0.000000000000000 +2.888912175864857 +0.000000000000000
 14   4 +0.249999999993333 +0.198277817592667 +0.000000000000000 +0.000002656773055 +100.000000000000000 +0.252679956618055 +0.000000000000000 +2.888919646438160 +0.000006647596147 +0.252679956618055 +0.000000000000000 +2.888912175864857 +0.000000000000000 +0.252679956618055 +0.000000000000000 +2.888912175864857 +0.000000000000000
 14   5 +0.249999999993333 +0.198277817593333 +0.000000000000000 +0.000002520750184 +100.000000000000000 +0.252679956618055 +0.000000000000000 +2.888919646438160 +0.000006647596147 +0.252679956618055 +0.000000000000000 +2.888912175864857 +0.000000000000000 +0.252679956618055 +0.000000000000000 +2.888912175864857 +0.000000000000000
 14   6 +0.249999999993333 +0.198277817594000 +0.000000000000000 +0.000002376092132 +100.000000000000000 +0.252679956618055 +0.000000000000000 +2.888919646438160 +0.000006647596147 +0.252679956618055 +0.000000000000000 +2.888912175864857 +0.000000000000000 +0.252679956618055 +0.000000000000000 +2.888912175864857 +0.000000000000000
 14   7 +0.249999999993333 +0.198277817594667 +0.000000000000000 +0.000002264265870 +100.000000000000000 +0.252679956618055 +0.000000000000000 +2.888919646438160 +0.000006647596147 +0.252679956618055 +0.000000000000000 +2.888912175864857 +0.000000000000000 +0.252679956618055 +0.000000000000000 +2.888912175864857 +0.000000000000000
 14   8 +0.249999999993333 +0.198277817595333 +0.000000000000000 +0.000002118944328 +100.000000000000000 +0.252679956618055 +0.000000000000000 +2.888919646438160 +0.000006647596147 +0.252679956618055 +0.000000000000000 +2.888912175864857 +0.000000000000000 +0.252679956618055 +0.000000000000000 +2.888912175864857 +0.000000000000000
 14   9 +0.249999999993333 +0.198277817596000 +0.000000000000000 +0.000001926140390 +100.000000000000000 +0.252679956618055 +0.000000000000000 +2.888919646438160 +0.000006647596147 +0.252679956618055 +0.000000000000000 +2.888912175864857 +0.000000000000000 +0.252679956618055 +0.000000000000000 +2.888912175864857 +0.000000000000000
 14  10 +0.249999999993333 +0.198277817596667 +0.000000000000000 +0.000001741826369 +100.000000000000000 +0.252679956618055 +0.000000000000000 +2.888919646438160 +0.000006647596147 +0.252679956618055 +0.000000000000000 +2.888912175864857 +0.000000000000000 +0.252679956618055 +0.000000000000000 +2.888912175864857 +0.000000000000000
 14  11 +0.249999999993333 +0.198277817597333 +0.000000000000000 +0.000001544314158 +100.000000000000000 +0.252679956618055 +0.000000000000000 +2.888919646438160 +0.000006647596147 +0.252679956618055 +0.000000000000000 +2.888912175864857 +0.000000000000000 +0.252679956618055 +0.000000000000000 +2.888912175864857 +0.000000000000000
 14  12 +0.249999999993333 +0.198277817598000 +0.000000000000000 +0.000001350763093 +100.000000000000000 +0.252679956618055 +0.000000000000000 +2.888919646438160 +0.000006647596147 +0.252679956618055 +0.000000000000000 +2.888912175864857 +0.000000000000000 +0.252679956618055 +0.000000000000000 +2.888912175864857 +0.000000000000000
 14  13 +0.249999999993333 +0.198277817598667 +0.000000000000000 +0.000001055592497 +100.000000000000000 +0.252679956618055 +0.000000000000000 +2.888919646438160 +0.000006647596147 +0.252679956618055 +0.000000000000000 +2.888912175864857 +0.000000000000000 +0.252679956618055 +0.000000000000000 +2.888912175864857 +0.000000000000000
 14  14 +0.249999999993333 +0.198277817599333 +0.000000000000000 +0.000000752996325 +100.000000000000000 +0.252679956618055 +0.000000000000000 +2.888919646438160 +0.000006647596147 +0.252679956618055 +0.000000000000000 +2.888912175864857 +0.000000000000000 +0.252679956618055 +0.000000000000000 +2.888912175864857 +0.000000000000000
 14  15 +0.249999999993333 +0.198277817600000 +0.000000000000000 +0.000000300054567 +100.000000000000000 +0.252679956618055 +0.000000000000000 +2.888919646438160 +0.000006647596147 +0.252679956618055 +0.000000000000000 +2.888912175864857 +0.000000000000000 +0.252679956618055 +0.000000000000000 +2.888912175864857 +0.000000000000000
 14  16 +0.249999999993333 +0.198277817600667 +0.000000000000000 +0.000000573767818 +100.000000000000000 +0.252679956618055 +0.000000000000000 +2.888919646438160 +0.000006647596147 +0.252679956618055 +0.000000000000000 +2.888912175864857 +0.000000000000000 +0.252679956618055 +0.000000000000000 +2.888912175864857 +0.000000000000000
 14  17 +0.249999999993333 +0.198277817601333 +0.000000000000000 +0.000000429064937 +100.000000000000000 +0.252679956618055 +0.000000000000000 +2.888919646438160 +0.000006647596147 +0.252679956618055 +0.000000000000000 +2.888912175864857 +0.000000000000000 +0.252679956618055 +0.000000000000000 +2.888912175864857 +0.000000000000000
 14  18 +0.249999999993333 +0.198277817602000 +0.000000000000000 +0.000000740648564 +100.000000000000000 +0.252679956618055 +0.000000000000000 +2.888919646438160 +0.000006647596147 +0.252679956618055 +0.000000000000000 +2.888912175864857 +0.000000000000000 +0.252679956618055 +0.000000000000000 +2.888912175864857 +0.000000000000000
 14  19 +0.249999999993333 +0.198277817602667 +0.000000000000000 +0.000000304238202 +100.000000000000000 +0.252679956618055 +0.000000000000000 +2.888919646438160 +0.000006647596147 +0.252679956618055 +0.000000000000000 +2.888912175864857 +0.000000000000000 +0.252679956618055 +0.000000000000000 +2.888912175864857 +0.000000000000000
 14  20 +0.249999999993333 +0.198277817603333 +0.000000000000000 +0.000000632358329 +100.000000000000000 +0.252679956618055 +0.000000000000000 +2.888919646438160 +0.000006647596147 +0.252679956618055 +0.000000000000000 +2.888912175864857 +0.000000000000000 +0.252679956618055 +0.000000000000000 +2.888912175864857 +0.000000000000000
 14  21 +0.249999999993333 +0.198277817604000 +0.000000000000000 +0.000000933100732 +100.000000000000000 +0.252679956618055 +0.000000000000000 +2.888919646438160 +0.000006647596147 +0.252679956618055 +0.000000000000000 +2.888912175864857 +0.000000000000000 +0.252679956618055 +0.000000000000000 +2.888912175864857 +0.000000000000000
 14  22 +0.249999999993333 +0.198277817604667 +0.000000000000000 +0.000001164849408 +100.000000000000000 +0.252679956618055 +0.000000000000000 +2.888919646438160 +0.000006647596147 +0.252679956618055 +0.000000000000000 +2.888912175864857 +0.000000000000000 +0.252679956618055 +0.000000000000000 +2.888912175864857 +0.000000000000000
 14  23 +0.249999999993333 +0.198277817605333 +0.000000000000000 +0.000001405016602 +100.000000000000000 +0.252679956618055 +0.000000000000000 +2.888919646438160 +0.000006647596147 +0.252679956618055 +0.000000000000000 +2.888912175864857 +0.000000000000000 +0.252679956618055 +0.000000000000000 +2.888912175864857 +0.000000000000000
 14  24 +0.249999999993333 +0.198277817606000 +0.000000000000000 +0.000001563442224 +100.000000000000000 +0.252679956618055 +0.000000000000000 +2.888919646438160 +0.000006647596147 +0.252679956618055 +0.000000000000000 +2.888912175864857 +0.000000000000000 +0.252679956618055 +0.000000000000000 +2.888912175864857 +0.000000000000000
 14  25 +0.249999999993333 +0.198277817606667 +0.000000000000000 +0.000001739658981 +100.000000000000000 +0.252679956618055 +0.000000000000000 +2.888919646438160 +0.000006647596147 +0.252679956618055 +0.000000000000000 +2.888912175864857 +0.000000000000000 +0.252679956618055 +0.000000000000000 +2.888912175864857 +0.000000000000000
 14  26 +0.249999999993333 +0.198277817607333 +0.000000000000000 +0.000001928222822 +100.000000000000000 +0.252679956618055 +0.000000000000000 +2.888919646438160 +0.000006647596147 +0.252679956618055 +0.000000000000000 +2.888912175864857 +0.000000000000000 +0.252679956618055 +0.000000000000000 +2.888912175864857 +0.000000000000000
 14  27 +0.249999999993333 +0.198277817608000 +0.000000000000000 +0.000002105313358 +100.000000000000000 +0.252679956618055 +0.000000000000000 +2.888919646438160 +0.000006647596147 +0.252679956618055 +0.000000000000000 +2.888912175864857 +0.000000000000000 +0.252679956618055 +0.000000000000000 +2.888912175864857 +0.000000000000000
 14  28 +0.249999999993333 +0.198277817608667 +0.000000000000000 +0.000002220907373 +100.000000000000000 +0.252679956618055 +0.000000000000000 +2.888919646438160 +0.000006647596147 +0.252679956618055 +0.000000000000000 +2.888912175864857 +0.000000000000000 +0.252679956618055 +0.000000000000000 +2.888912175864857 +0.000000000000000
 14  29 +0.249999999993333 +0.198277817609333 +0.000000000000000 +0.000002343752375 +100.000000000000000 +0.252679956618055 +0.000000000000000 +2.888919646438160 +0.000006647596147 +0.252679956618055 +0.000000000000000 +2.888912175864857 +0.000000000000000 +0.252679956618055 +0.000000000000000 +2.888912175864857 +0.000000000000000
 14  30 +0.249999999993333 +0.198277817610000 +0.000000000000000 +0.000002472728448 +100.000000000000000 +0.252679956618055 +0.000000000000000 +2.888919646438160 +0.000006647596147 +0.252679956618055 +0.000000000000000 +2.888912175864857 +0.000000000000000 +0.252679956618055 +0.000000000000000 +2.888912175864857 +0.000000000000000
 15   0 +0.250000000000000 +0.198277817590000 +0.000000000000000 +0.000003990749617 +100.000000000000000 +0.252679956624932 +0.000000000000000 +2.888919646431268 +0.000006647596147 +0.252679956624932 +0.000000000000000 +2.888912175857965 +0.000000000000000 +0.252679956624932 +0.000000000000000 +2.888912175857965 +0.000000000000000
 15   1 +0.250000000000000 +0.198277817590667 +0.000000000000000 +0.000003931215923 +100.000000000000000 +0.252679956624932 +0.000000000000000 +2.888919646431268 +0.000006647596147 +0.252679956624932 +0.000000000000000 +2.888912175857965 +0.000000000000000 +0.252679956624932 +0.000000000000000 +2.888912175857965 +0.000000000000000
 15   2 +0.250000000000000 +0.198277817591333 +0.000000000000000 +0.000003811051382 +100.000000000000000 +0.252679956624932 +0.000000000000000 +2.888919646431268 +0.000006647596147 +0.252679956624932 +0.000000000000000 +2.888912175857965 +0.000000000000000 +0.252679956624932 +0.000000000000000 +2.888912175857965 +0.000000000000000
 15   3 +0.250000000000000 +0.198277817592000 +0.000000000000000 +0.000003667778769 +100.000000000000000 +0.252679956624932 +0.000000000000000 +2.888919646431268 +0.000006647596147 +0.252679956624932 +0.000000000000000 +2.888912175857965 +0.000000000000000 +0.252679956624932 +0.000000000000000 +2.888912175857965 +0.000000000000000
 15   4 +0.250000000000000 +0.198277817592667 +0.000000000000000 +0.000003591418928 +100.000000000000000 +0.252679956624932 +0.000000000000000 +2.888919646431268 +0.000006647596147 +0.252679956624932 +0.000000000000000 +2.888912175857965 +0.000000000000000 +0.252679956624932 +0.000000000000000 +2.888912175857965 +0.000000000000000
 15   5 +0.250000000000000 +0.198277817593333 +0.000000000000000 +0.000003498117008 +100.000000000000000 +0.252679956624932 +0.000000000000000 +2.888919646431268 +0.000006647596147 +0.252679956624932 +0.000000000000000 +2.888912175857965 +0.000000000000000 +0.252679956624932 +0.000000000000000 +2.888912175857965 +0.000000000000000
 15   6 +0.250000000000000 +0.198277817594000 +0.000000000000000 +0.000003368596503 +100.000000000000000 +0.252679956624932 +0.000000000000000 +2.888919646431268 +0.000006647596147 +0.252679956624932 +0.000000000000000 +2.888912175857965 +0.000000000000000 +0.252679956624932 +0.000000000000000 +2.888912175857965 +0.000000000000000
 15   7 +0.250000000000000 +0.198277817594667 +0.000000000000000 +0.000003327585989 +100.000000000000000 +0.252679956624932 +0.000000000000000 +2.888919646431268 +0.000006647596147 +0.252679956624932 +0.000000000000000 +2.888912175857965 +0.000000000000000 +0.252679956624932 +0.000000000000000 +2.888912175857965 +0.000000000000000
 15   8 +0.250000000000000 +0.198277817595333 +0.000000000000000 +0.000003151470525 +100.000000000000000 +0.252679956624932 +0.000000000000000 +2.888919646431268 +0.000006647596147 +0.252679956624932 +0.000000000000000 +2.888912175857965 +0.000000000000000 +0.252679956624932 +0.000000000000000 +2.888912175857965 +0.000000000000000
 15   9 +0.250000000000000 +0.198277817596000 +0.000000000000000 +0.000003038249319 +100.000000000000000 +0.252679956624932 +0.000000000000000 +2.888919646431268 +0.000006647596147 +0.252679956624932 +0.000000000000000 +2.888912175857965 +0.000000000000000 +0.252679956624932 +0.000000000000000 +2.888912175857965 +0.000000000000000
 15  10 +0.250000000000000 +0.198277817596667 +0.000000000000000 +0.000002915467615 +100.000000000000000 +0.252679956624932 +0.000000000000000 +2.888919646431268 +0.000006647596147 +0.252679956624932 +0.000000000000000 +2.888912175857965 +0.000000000000000 +0.252679956624932 +0.000000000000000 +2.888912175857965 +0.000000000000000
 15  11 +0.250000000000000 +0.198277817597333 +0.000000000000000 +0.000002802912030 +100.000000000000000 +0.252679956624932 +0.000000000000000 +2.888919646431268 +0.000006647596147 +0.252679956624932 +0.000000000000000 +2.888912175857965 +0.000000000000000 +0.252679956624932 +0.000000000000000 +2.888912175857965 +0.000000000000000
 15  12 +0.250000000000000 +0.198277817598000 +0.000000000000000 +0.000002674655362 +100.000000000000000 +0.252679956624932 +0.000000000000000 +2.888919646431268 +0.000006647596147 +0.252679956624932 +0.000000000000000 +2.888912175857965 +0.000000000000000 +0.252679956624932 +0.000000000000000 +2.888912175857965 +0.000000000000000
 15  13 +0.250000000000000 +0.198277817598667 +0.000000000000000 +0.000002526104733 +100.000000000000000 +0.252679956624932 +0.000000000000000 +2.888919646431268 +0.000006647596147 +0.252679956624932 +0.000000000000000 +2.888912175857965 +0.000000000000000 +0.252679956624932 +0.000000000000000 +2.888912175857965 +0.000000000000000
 15  14 +0.250000000000000 +0.198277817599333 +0.000000000000000 +0.000002380863031 +100.000000000000000 +0.252679956624932 +0.000000000000000 +2.888919646431268 +0.000006647596147 +0.252679956624932 +0.000000000000000 +2.888912175857965 +0.000000000000000 +0.252679956624932 +0.000000000000000 +2.888912175857965 +0.000000000000000
 15  15 +0.250000000000000 +0.198277817600000 +0.000000000000000 +0.000002290759741 +100.000000000000000 +0.252679956624932 +0.000000000000000 +2.888919646431268 +0.000006647596147 +0.252679956624932 +0.000000000000000 +2.888912175857965 +0.000000000000000 +0.252679956624932 +0.000000000000000 +2.888912175857965 +0.000000000000000
 15  16 +0.250000000000000 +0.198277817600667 +0.000000000000000 +0.000002112202642 +100.000000000000000 +0.252679956624932 +0.000000000000000 +2.888919646431268 +0.000006647596147 +0.252679956624932 +0.000000000000000 +2.888912175857965 +0.000000000000000 +0.252679956624932 +0.000000000000000 +2.888912175857965 +0.000000000000000
 15  17 +0.250000000000000 +0.198277817601333 +0.000000000000000 +0.000001971796128 +100.000000000000000 +0.252679956624932 +0.000000000000000 +2.888919646431268 +0.000006647596147 +0.252679956624932 +0.000000000000000 +2.888912175857965 +0.000000000000000 +0.252679956624932 +0.000000000000000 +2.888912175857965 +0.000000000000000
 15  18 +0.250000000000000 +0.198277817602000 +0.000000000000000 +0.000001750393961 +100.000000000000000 +0.252679956624932 +0.000000000000000 +2.888919646431268 +0.000006647596147 +0.252679956624932 +0.000000000000000 +2.888912175857965 +0.000000000000000 +0.252679956624932 +0.000000000000000 +2.888912175857965 +0.000000000000000
 15  19 +0.250000000000000 +0.198277817602667 +0.000000000000000 +0.000001554211740 +100.000000000000000 +0.252679956624932 +0.000000000000000 +2.888919646431268 +0.000006647596147 +0.252679956624932 +0.000000000000000 +2.888912175857965 +0.000000000000000 +0.252679956624932 +0.000000000000000 +2.888912175857965 +0.000000000000000
 15  20 +0.250000000000000 +0.198277817603333 +0.000000000000000 +0.000001352263579 +100.000000000000000 +0.252679956624932 +0.000000000000000 +2.888919646431268 +0.000006647596147 +0.252679956624932 +0.000000000000000 +2.888912175857965 +0.000000000000000 +0.252679956624932 +0.000000000000000 +2.888912175857965 +0.000000000000000
 15  21 +0.250000000000000 +0.198277817604000 +0.000000000000000 +0.000001089792735 +100.000000000000000 +0.252679956624932 +0.000000000000000 +2.888919646431268 +0.000006647596147 +0.252679956624932 +0.000000000000000 +2.888912175857965 +0.000000000000000 +0.252679956624932 +0.000000000000000 +2.888912175857965 +0.000000000000000
 15  22 +0.250000000000000 +0.198277817604667 +0.000000000000000 +0.000000788549869 +100.000000000000000 +0.252679956624932 +0.000000000000000 +2.888919646431268 +0.000006647596147 +0.252679956624932 +0.000000000000000 +2.888912175857965 +0.000000000000000 +0.252679956624932 +0.000000000000000 +2.888912175857965 +0.000000000000000
 15  23 +0.250000000000000 +0.198277817605333 +0.000000000000000 +0.000000310339174 +100.000000000000000 +0.252679956624932 +0.000000000000000 +2.888919646431268 +0.000006647596147 +0.252679956624932 +0.000000000000000 +2.888912175857965 +0.000000000000000 +0.252679956624932 +0.000000000000000 +2.888912175857965 +0.000000000000000
 15  24 +0.250000000000000 +0.198277817606000 +0.000000000000000 +0.000000589479183 +100.000000000000000 +0.252679956624932 +0.000000000000000 +2.888919646431268 +0.000006647596147 +0.252679956624932 +0.000000000000000 +2.888912175857965 +0.000000000000000 +0.252679956624932 +0.000000000000000 +2.888912175857965 +0.000000000000000
 15  25 +0.250000000000000 +0.198277817606667 +0.000000000000000 +0.000000398345863 +100.000000000000000 +0.252679956624932 +0.000000000000000 +2.888919646431268 +0.000006647596147 +0.252679956624932 +0.000000000000000 +2.888912175857965 +0.000000000000000 +0.252679956624932 +0.000000000000000 +2.888912175857965 +0.000000000000000
 15  26 +0.250000000000000 +0.198277817607333 +0.000000000000000 +0.000000724023322 +100.000000000000000 +0.252679956624932 +0.000000000000000 +2.888919646431268 +0.000006647596147 +0.252679956624932 +0.000000000000000 +2.888912175857965 +0.000000000000000 +0.252679956624932 +0.000000000000000 +2.888912175857965 +0.000000000000000
 15  27 +0.250000000000000 +0.198277817608000 +0.000000000000000 +0.000000296425822 +100.000000000000000 +0.252679956624932 +0.000000000000000 +2.888919646431268 +0.000006647596147 +0.252679956624932 +0.000000000000000 +2.888912175857965 +0.000000000000000 +0.252679956624932 +0.000000000000000 +2.888912175857965 +0.000000000000000
 15  28 +0.250000000000000 +0.198277817608667 +0.000000000000000 +0.000000607046837 +100.000000000000000 +0.252679956624932 +0.000000000000000 +2.888919646431268 +0.000006647596147 +0.252679956624932 +0.000000000000000 +2.888912175857965 +0.000000000000000 +0.252679956624932 +0.000000000000000 +2.888912175857965 +0.000000000000000
 15  29 +0.250000000000000 +0.198277817609333 +0.000000000000000 +0.000000915113679 +100.000000000000000 +0.252679956624932 +0.000000000000000 +2.888919646431268 +0.000006647596147 +0.252679956624932 +0.000000000000000 +2.888912175857965 +0.000000000000000 +0.252679956624932 +0.000000000000000 +2.888912175857965 +0.000000000000000
 15  30 +0.250000000000000 +0.198277817610000 +0.000000000000000 +0.000001142278708 +100.000000000000000 +0.252679956624932 +0.000000000000000 +2.888919646431268 +0.000006647596147 +0.252679956624932 +0.000000000000000 +2.888912175857965 +0.000000000000000 +0.252679956624932 +0.000000000000000 +2.888912175857965 +0.000000000000000
 16   0 +0.250000000006667 +0.198277817590000 +0.000000000000000 +0.000004668313567 +100.000000000000000 +0.252679956631815 +0.000000000000000 +2.888919646424380 +0.000006647596147 +0.252679956631815 +0.000000000000000 +2.888912175851077 +0.000000000000000 +0.252679956631815 +0.000000000000000 +2.888912175851077 +0.000000000000000
 16   1 +0.250000000006667 +0.198277817590667 +0.000000000000000 +0.000004583378924 +100.000000000000000 +0.252679956631815 +0.000000000000000 +2.888919646424380 +0.000006647596147 +0.252679956631815 +0.000000000000000 +2.888912175851077 +0.000000000000000 +0.252679956631815 +0.000000000000000 +2.888912175851077 +0.000000000000000
 16   2 +0.250000000006667 +0.198277817591333 +0.000000000000000 +0.000004550910601 +100.000000000000000 +0.252679956631815 +0.000000000000000 +2.888919646424380 +0.000006647596147 +0.252679956631815 +0.000000000000000 +2.888912175851077 +0.000000000000000 +0.252679956631815 +0.000000000000000 +2.888912175851077 +0.000000000000000
 16   3 +0.250000000006667 +0.198277817592000 +0.000000000000000 +0.000004507790930 +100.000000000000000 +0.252679956631815 +0.000000000000000 +2.888919646424380 +0.000006647596147 +0.252679956631815 +0.000000000000000 +2.888912175851077 +0.000000000000000 +0.252679956631815 +0.000000000000000 +2.888912175851077 +0.000000000000000
 16   4 +0.250000000006667 +0.198277817592667 +0.000000000000000 +0.000004336724799 +100.000000000000000 +0.252679956631815 +0.000000000000000 +2.888919646424380 +0.000006647596147 +0.252679956631815 +0.000000000000000 +2.888912175851077 +0.000000000000000 +0.252679956631815 +0.000000000000000 +2.888912175851077 +0.000000000000000
 16   5 +0.250000000006667 +0.198277817593333 +0.000000000000000 +0.000004237755122 +100.000000000000000 +0.252679956631815 +0.000000000000000 +2.888919646424380 +0.000006647596147 +0.252679956631815 +0.000000000000000 +2.888912175851077 +0.000000000000000 +0.252679956631815 +0.000000000000000 +2.888912175851077 +0.000000000000000
 16   6 +0.250000000006667 +0.198277817594000 +0.000000000000000 +0.000004177284304 +100.000000000000000 +0.252679956631815 +0.000000000000000 +2.888919646424380 +0.000006647596147 +0.252679956631815 +0.000000000000000 +2.888912175851077 +0.000000000000000 +0.252679956631815 +0.000000000000000 +2.888912175851077 +0.000000000000000
 16   7 +0.250000000006667 +0.198277817594667 +0.000000000000000 +0.000004129832125 +100.000000000000000 +0.252679956631815 +0.000000000000000 +2.888919646424380 +0.000006647596147 +0.252679956631815 +0.000000000000000 +2.888912175851077 +0.000000000000000 +0.252679956631815 +0.000000000000000 +2.888912175851077 +0.000000000000000
 16   8 +0.250000000006667 +0.198277817595333 +0.000000000000000 +0.000004008333000 +100.000000000000000 +0.252679956631815 +0.000000000000000 +2.888919646424380 +0.000006647596147 +0.252679956631815 +0.000000000000000 +2.888912175851077 +0.000000000000000 +0.252679956631815 +0.000000000000000 +2.888912175851077 +0.000000000000000
 16   9 +0.250000000006667 +0.198277817596000 +0.000000000000000 +0.000003875555449 +100.000000000000000 +0.252679956631815 +0.000000000000000 +2.888919646424380 +0.000006647596147 +0.252679956631815 +0.000000000000000 +2.888912175851077 +0.000000000000000 +0.252679956631815 +0.000000000000000 +2.888912175851077 +0.000000000000000
 16  10 +0.250000000006667 +0.198277817596667 +0.000000000000000 +0.000003827297321 +100.000000000000000 +0.252679956631815 +0.000000000000000 +2.888919646424380 +0.000006647596147 +0.252679956631815 +0.000000000000000 +2.888912175851077 +0.000000000000000 +0.252679956631815 +0.000000000000000 +2.888912175851077 +0.000000000000000
 16  11 +0.250000000006667 +0.198277817597333 +0.000000000000000 +0.000003676585592 +100.000000000000000 +0.252679956631815 +0.000000000000000 +2.888919646424380 +0.000006647596147 +0.252679956631815 +0.000000000000000 +2.888912175851077 +0.000000000000000 +0.252679956631815 +0.000000000000000 +2.888912175851077 +0.000000000000000
 16  12 +0.250000000006667 +0.198277817598000 +0.000000000000000 +0.000003596533827 +100.000000000000000 +0.252679956631815 +0.000000000000000 +2.888919646424380 +0.000006647596147 +0.252679956631815 +0.000000000000000 +2.888912175851077 +0.000000000000000 +0.252679956631815 +0.000000000000000 +2.888912175851077 +0.000000000000000
 16  13 +0.250000000006667 +0.198277817598667 +0.000000000000000 +0.000003514235159 +100.000000000000000 +0.252679956631815 +0.000000000000000 +2.888919646424380 +0.000006647596147 +0.252679956631815 +0.000000000000000 +2.888912175851077 +0.000000000000000 +0.252679956631815 +0.000000000000000 +2.888912175851077 +0.000000000000000
 16  14 +0.250000000006667 +0.198277817599333 +0.000000000000000 +0.000003374370893 +100.000000000000000 +0.252679956631815 +0.000000000000000 +2.888919646424380 +0.000006647596147 +0.252679956631815 +0.000000000000000 +2.888912175851077 +0.000000000000000 +0.252679956631815 +0.000000000000000 +2.888912175851077 +0.000000000000000
 16  15 +0.250000000006667 +0.198277817600000 +0.000000000000000 +0.000003327337003 +100.000000000000000 +0.252679956631815 +0.000000000000000 +2.888919646424380 +0.000006647596147 +0.252679956631815 +0.000000000000000 +2.888912175851077 +0.000000000000000 +0.252679956631815 +0.000000000000000 +2.888912175851077 +0.000000000000000
 16  16 +0.250000000006667 +0.198277817600667 +0.000000000000000 +0.000003161564162 +100.000000000000000 +0.252679956631815 +0.000000000000000 +2.888919646424380 +0.000006647596147 +0.252679956631815 +0.000000000000000 +2.888912175851077 +0.000000000000000 +0.252679956631815 +0.000000000000000 +2.888912175851077 +0.000000000000000
 16  17 +0.250000000006667 +0.198277817601333 +0.000000000000000 +0.000003041516113 +100.000000000000000 +0.252679956631815 +0.000000000000000 +2.888919646424380 +0.000006647596147 +0.252679956631815 +0.000000000000000 +2.888912175851077 +0.000000000000000 +0.252679956631815 +0.000000000000000 +2.888912175851077 +0.000000000000000
 16  18 +0.250000000006667 +0.198277817602000 +0.000000000000000 +0.000002929241861 +100.000000000000000 +0.252679956631815 +0.000000000000000 +2.888919646424380 +0.000006647596147 +0.252679956631815 +0.000000000000000 +2.888912175851077 +0.000000000000000 +0.252679956631815 +0.000000000000000 +2.888912175851077 +0.000000000000000
 16  19 +0.250000000006667 +0.198277817602667 +0.000000000000000 +0.000002847492186 +100.000000000000000 +0.252679956631815 +0.000000000000000 +2.888919646424380 +0.000006647596147 +0.252679956631815 +0.000000000000000 +2.888912175851077 +0.000000000000000 +0.252679956631815 +0.000000000000000 +2.888912175851077 +0.000000000000000
 16  20 +0.250000000006667 +0.198277817603333 +0.000000000000000 +0.000002695133558 +100.000000000000000 +0.252679956631815 +0.000000000000000 +2.888919646424380 +0.000006647596147 +0.252679956631815 +0.000000000000000 +2.888912175851077 +0.000000000000000 +0.252679956631815 +0.000000000000000 +2.888912175851077 +0.000000000000000
 16  21 +0.250000000006667 +0.198277817604000 +0.000000000000000 +0.000002533153229 +100.000000000000000 +0.252679956631815 +0.000000000000000 +2.888919646424380 +0.000006647596147 +0.252679956631815 +0.000000000000000 +2.888912175851077 +0.000000000000000 +0.252679956631815 +0.000000000000000 +2.888912175851077 +0.000000000000000
 16  22 +0.250000000006667 +0.198277817604667 +0.000000000000000 +0.000002392984962 +100.000000000000000 +0.252679956631815 +0.000000000000000 +2.888919646424380 +0.000006647596147 +0.252679956631815 +0.000000000000000 +2.888912175851077 +0.000000000000000 +0.252679956631815 +0.000000000000000 +2.888912175851077 +0.000000000000000
 16  23 +0.250000000006667 +0.198277817605333 +0.000000000000000 +0.000002318074868 +100.000000000000000 +0.252679956631815 +0.000000000000000 +2.888919646424380 +0.000006647596147 +0.252679956631815 +0.000000000000000 +2.888912175851077 +0.000000000000000 +0.252679956631815 +0.000000000000000 +2.888912175851077 +0.000000000000000
 16  24 +0.250000000006667 +0.198277817606000 +0.000000000000000 +0.000002143992335 +100.000000000000000 +0.252679956631815 +0.000000000000000 +2.888919646424380 +0.000006647596147 +0.252679956631815 +0.000000000000000 +2.888912175851077 +0.000000000000000 +0.252679956631815 +0.000000000000000 +2.888912175851077 +0.000000000000000
 16  25 +0.250000000006667 +0.198277817606667 +0.000000000000000 +0.000001978155650 +100.000000000000000 +0.252679956631815 +0.000000000000000 +2.888919646424380 +0.000006647596147 +0.252679956631815 +0.000000000000000 +2.888912175851077 +0.000000000000000 +0.252679956631815 +0.000000000000000 +2.888912175851077 +0.000000000000000
 16  26 +0.250000000006667 +0.198277817607333 +0.000000000000000 +0.000001760109507 +100.000000000000000 +0.252679956631815 +0.000000000000000 +2.888919646424380 +0.000006647596147 +0.252679956631815 +0.000000000000000 +2.888912175851077 +0.000000000000000 +0.252679956631815 +0.000000000000000 +2.888912175851077 +0.000000000000000
 16  27 +0.250000000006667 +0.198277817608000 +0.000000000000000 +0.000001570946276 +100.000000000000000 +0.252679956631815 +0.000000000000000 +2.888919646424380 +0.000006647596147 +0.252679956631815 +0.000000000000000 +2.888912175851077 +0.000000000000000 +0.252679956631815 +0.000000000000000 +2.888912175851077 +0.000000000000000
 16  28 +0.250000000006667 +0.198277817608667 +0.000000000000000 +0.000001352672103 +100.000000000000000 +0.252679956631815 +0.000000000000000 +2.888919646424380 +0.000006647596147 +0.252679956631815 +0.000000000000000 +2.888912175851077 +0.000000000000000 +0.252679956631815 +0.000000000000000 +2.888912175851077 +0.000000000000000
 16  29 +0.250000000006667 +0.198277817609333 +0.000000000000000 +0.000001109807960 +100.000000000000000 +0.252679956631815 +0.000000000000000 +2.888919646424380 +0.000006647596147 +0.252679956631815 +0.000000000000000 +2.888912175851077 +0.000000000000000 +0.252679956631815 +0.000000000000000 +2.888912175851077 +0.000000000000000
 16  30 +0.250000000006667 +0.198277817610000 +0.000000000000000 +0.000000821948845 +100.000000000000000 +0.252679956631815 +0.000000000000000 +2.888919646424380 +0.000006647596147 +0.252679956631815 +0.000000000000000 +2.888912175851077 +0.000000000000000 +0.252679956631815 +0.000000000000000 +2.888912175851077 +0.000000000000000
 17   4 +0.250000000013333 +0.198277817592667 +0.000000000000000 +0.000004988211283 +100.000000000000000 +0.252679956638732 +0.000000000000000 +2.888919646417496 +0.000006647596147 +0.252679956638732 +0.000000000000000 +2.888912175844194 +0.000000000000000 +0.252679956638732 +0.000000000000000 +2.888912175844194 +0.000000000000000
 17   5 +0.250000000013333 +0.198277817593333 +0.000000000000000 +0.000004918442307 +100.000000000000000 +0.252679956638732 +0.000000000000000 +2.888919646417496 +0.000006647596147 +0.252679956638732 +0.000000000000000 +2.888912175844194 +0.000000000000000 +0.252679956638732 +0.000000000000000 +2.888912175844194 +0.000000000000000
 17   6 +0.250000000013333 +0.198277817594000 +0.000000000000000 +0.000004883042713 +100.000000000000000 +0.252679956638732 +0.000000000000000 +2.888919646417496 +0.000006647596147 +0.252679956638732 +0.000000000000000 +2.888912175844194 +0.000000000000000 +0.252679956638732 +0.000000000000000 +2.888912175844194 +0.000000000000000
 17   7 +0.250000000013333 +0.198277817594667 +0.000000000000000 +0.000004788721598 +100.000000000000000 +0.252679956638732 +0.000000000000000 +2.888919646417496 +0.000006647596147 +0.252679956638732 +0.000000000000000 +2.888912175844194 +0.000000000000000 +0.252679956638732 +0.000000000000000 +2.888912175844194 +0.000000000000000
 17   8 +0.250000000013333 +0.198277817595333 +0.000000000000000 +0.000004678070064 +100.000000000000000 +0.252679956638732 +0.000000000000000 +2.888919646417496 +0.000006647596147 +0.252679956638732 +0.000000000000000 +2.888912175844194 +0.000000000000000 +0.252679956638732 +0.000000000000000 +2.888912175844194 +0.000000000000000
 17   9 +0.250000000013333 +0.198277817596000 +0.000000000000000 +0.000004588978635 +100.000000000000000 +0.252679956638732 +0.000000000000000 +2.888919646417496 +0.000006647596147 +0.252679956638732 +0.000000000000000 +2.888912175844194 +0.000000000000000 +0.252679956638732 +0.000000000000000 +2.888912175844194 +0.000000000000000
 17  10 +0.250000000013333 +0.198277817596667 +0.000000000000000 +0.000004550555222 +100.000000000000000 +0.252679956638732 +0.000000000000000 +2.888919646417496 +0.000006647596147 +0.252679956638732 +0.000000000000000 +2.888912175844194 +0.000000000000000 +0.252679956638732 +0.000000000000000 +2.888912175844194 +0.000000000000000
 17  11 +0.250000000013333 +0.198277817597333 +0.000000000000000 +0.000004517434710 +100.000000000000000 +0.252679956638732 +0.000000000000000 +2.888919646417496 +0.000006647596147 +0.252679956638732 +0.000000000000000 +2.888912175844194 +0.000000000000000 +0.252679956638732 +0.000000000000000 +2.888912175844194 +0.000000000000000
 17  12 +0.250000000013333 +0.198277817598000 +0.000000000000000 +0.000004346849046 +100.000000000000000 +0.252679956638732 +0.000000000000000 +2.888919646417496 +0.000006647596147 +0.252679956638732 +0.000000000000000 +2.888912175844194 +0.000000000000000 +0.252679956638732 +0.000000000000000 +2.888912175844194 +0.000000000000000
 17  13 +0.250000000013333 +0.198277817598667 +0.000000000000000 +0.000004243283856 +100.000000000000000 +0.252679956638732 +0.000000000000000 +2.888919646417496 +0.000006647596147 +0.252679956638732 +0.000000000000000 +2.888912175844194 +0.000000000000000 +0.252679956638732 +0.000000000000000 +2.888912175844194 +0.000000000000000
 17  14 +0.250000000013333 +0.198277817599333 +0.000000000000000 +0.000004179484485 +100.000000000000000 +0.252679956638732 +0.000000000000000 +2.888919646417496 +0.000006647596147 +0.252679956638732 +0.000000000000000 +2.888912175844194 +0.000000000000000 +0.252679956638732 +0.000000000000000 +2.888912175844194 +0.000000000000000
 17  15 +0.250000000013333 +0.198277817600000 +0.000000000000000 +0.000004145992310 +100.000000000000000 +0.252679956638732 +0.000000000000000 +2.888919646417496 +0.000006647596147 +0.252679956638732 +0.000000000000000 +2.888912175844194 +0.000000000000000 +0.252679956638732 +0.000000000000000 +2.888912175844194 +0.000000000000000
 17  16 +0.250000000013333 +0.198277817600667 +0.000000000000000 +0.000004027552761 +100.000000000000000 +0.252679956638732 +0.000000000000000 +2.888919646417496 +0.000006647596147 +0.252679956638732 +0.000000000000000 +2.888912175844194 +0.000000000000000 +0.252679956638732 +0.000000000000000 +2.888912175844194 +0.000000000000000
 17  17 +0.250000000013333 +0.198277817601333 +0.000000000000000 +0.000003883647707 +100.000000000000000 +0.252679956638732 +0.000000000000000 +2.888919646417496 +0.000006647596147 +0.252679956638732 +0.000000000000000 +2.888912175844194 +0.000000000000000 +0.252679956638732 +0.000000000000000 +2.888912175844194 +0.000000000000000
 17  18 +0.250000000013333 +0.198277817602000 +0.000000000000000 +0.000003844469539 +100.000000000000000 +0.252679956638732 +0.000000000000000 +2.888919646417496 +0.000006647596147 +0.252679956638732 +0.000000000000000 +2.888912175844194 +0.000000000000000 +0.252679956638732 +0.000000000000000 +2.888912175844194 +0.000000000000000
 17  19 +0.250000000013333 +0.198277817602667 +0.000000000000000 +0.000003685386782 +100.000000000000000 +0.252679956638732 +0.000000000000000 +2.888919646417496 +0.000006647596147 +0.252679956638732 +0.000000000000000 +2.888912175844194 +0.000000000000000 +0.252679956638732 +0.000000000000000 +2.888912175844194 +0.000000000000000
 17  20 +0.250000000013333 +0.198277817603333 +0.000000000000000 +0.000003601345752 +100.000000000000000 +0.252679956638732 +0.000000000000000 +2.888919646417496 +0.000006647596147 +0.252679956638732 +0.000000000000000 +2.888912175844194 +0.000000000000000 +0.252679956638732 +0.000000000000000 +2.888912175844194 +0.000000000000000
 17  21 +0.250000000013333 +0.198277817604000 +0.000000000000000 +0.000003531523980 +100.000000000000000 +0.252679956638732 +0.000000000000000 +2.888919646417496 +0.000006647596147 +0.252679956638732 +0.000000000000000 +2.888912175844194 +0.000000000000000 +0.252679956638732 +0.000000000000000 +2.888912175844194 +0.000000000000000
 17  22 +0.250000000013333 +0.198277817604667 +0.000000000000000 +0.000003381044382 +100.000000000000000 +0.252679956638732 +0.000000000000000 +2.888919646417496 +0.000006647596147 +0.252679956638732 +0.000000000000000 +2.888912175844194 +0.000000000000000 +0.252679956638732 +0.000000000000000 +2.888912175844194 +0.000000000000000
 17  23 +0.250000000013333 +0.198277817605333 +0.000000000000000 +0.000003327358254 +100.000000000000000 +0.252679956638732 +0.000000000000000 +2.888919646417496 +0.000006647596147 +0.252679956638732 +0.000000000000000 +2.888912175844194 +0.000000000000000 +0.252679956638732 +0.000000000000000 +2.888912175844194 +0.000000000000000
 17  24 +0.250000000013333 +0.198277817606000 +0.000000000000000 +0.000003171802747 +100.000000000000000 +0.252679956638732 +0.000000000000000 +2.888919646417496 +0.000006647596147 +0.252679956638732 +0.000000000000000 +2.888912175844194 +0.000000000000000 +0.252679956638732 +0.000000000000000 +2.888912175844194 +0.000000000000000
 17  25 +0.250000000013333 +0.198277817606667 +0.000000000000000 +0.000003045739374 +100.000000000000000 +0.252679956638732 +0.000000000000000 +2.888919646417496 +0.000006647596147 +0.252679956638732 +0.000000000000000 +2.888912175844194 +0.000000000000000 +0.252679956638732 +0.000000000000000 +2.888912175844194 +0.000000000000000
 17  26 +0.250000000013333 +0.198277817607333 +0.000000000000000 +0.000002944552326 +100.000000000000000 +0.252679956638732 +0.000000000000000 +2.888919646417496 +0.000006647596147 +0.252679956638732 +0.000000000000000 +2.888912175844194 +0.000000000000000 +0.252679956638732 +0.000000000000000 +2.888912175844194 +0.000000000000000
 17  27 +0.250000000013333 +0.198277817608000 +0.000000000000000 +0.000002851677216 +100.000000000000000 +0.252679956638732 +0.000000000000000 +2.888919646417496 +0.000006647596147 +0.252679956638732 +0.000000000000000 +2.888912175844194 +0.000000000000000 +0.252679956638732 +0.000000000000000 +2.888912175844194 +0.000000000000000
 17  28 +0.250000000013333 +0.198277817608667 +0.000000000000000 +0.000002714740950 +100.000000000000000 +0.252679956638732 +0.000000000000000 +2.888919646417496 +0.000006647596147 +0.252679956638732 +0.000000000000000 +2.888912175844194 +0.000000000000000 +0.252679956638732 +0.000000000000000 +2.888912175844194 +0.000000000000000
 17  29 +0.250000000013333 +0.198277817609333 +0.000000000000000 +0.000002542280338 +100.000000000000000 +0.252679956638732 +0.000000000000000 +2.888919646417496 +0.000006647596147 +0.252679956638732 +0.000000000000000 +2.888912175844194 +0.000000000000000 +0.252679956638732 +0.000000000000000 +2.888912175844194 +0.000000000000000
 17  30 +0.250000000013333 +0.198277817610000 +0.000000000000000 +0.000002406477455 +100.000000000000000 +0.252679956638732 +0.000000000000000 +2.888919646417496 +0.000006647596147 +0.252679956638732 +0.000000000000000 +2.888912175844194 +0.000000000000000 +0.252679956638732 +0.000000000000000 +2.888912175844194 +0.000000000000000
 18  12 +0.250000000020000 +0.198277817598000 +0.000000000000000 +0.000004997035499 +100.000000000000000 +0.252679956645619 +0.000000000000000 +2.888919646410581 +0.000006647596147 +0.252679956645619 +0.000000000000000 +2.888912175837278 +0.000000000000000 +0.252679956645619 +0.000000000000000 +2.888912175837278 +0.000000000000000
 18  13 +0.250000000020000 +0.198277817598667 +0.000000000000000 +0.000004922680300 +100.000000000000000 +0.252679956645619 +0.000000000000000 +2.888919646410581 +0.000006647596147 +0.252679956645619 +0.000000000000000 +2.888912175837278 +0.000000000000000 +0.252679956645619 +0.000000000000000 +2.888912175837278 +0.000000000000000
 18  14 +0.250000000020000 +0.198277817599333 +0.000000000000000 +0.000004885403682 +100.000000000000000 +0.252679956645619 +0.000000000000000 +2.888919646410581 +0.000006647596147 +0.252679956645619 +0.000000000000000 +2.888912175837278 +0.000000000000000 +0.252679956645619 +0.000000000000000 +2.888912175837278 +0.000000000000000
 18  15 +0.250000000020000 +0.198277817600000 +0.000000000000000 +0.000004799683098 +100.000000000000000 +0.252679956645619 +0.000000000000000 +2.888919646410581 +0.000006647596147 +0.252679956645619 +0.000000000000000 +2.888912175837278 +0.000000000000000 +0.252679956645619 +0.000000000000000 +2.888912175837278 +0.000000000000000
 18  16 +0.250000000020000 +0.198277817600667 +0.000000000000000 +0.000004687921417 +100.000000000000000 +0.252679956645619 +0.000000000000000 +2.888919646410581 +0.000006647596147 +0.252679956645619 +0.000000000000000 +2.888912175837278 +0.000000000000000 +0.252679956645619 +0.000000000000000 +2.888912175837278 +0.000000000000000
 18  17 +0.250000000020000 +0.198277817601333 +0.000000000000000 +0.000004594829050 +100.000000000000000 +0.252679956645619 +0.000000000000000 +2.888919646410581 +0.000006647596147 +0.252679956645619 +0.000000000000000 +2.888912175837278 +0.000000000000000 +0.252679956645619 +0.000000000000000 +2.888912175837278 +0.000000000000000
 18  18 +0.250000000020000 +0.198277817602000 +0.000000000000000 +0.000004551097141 +100.000000000000000 +0.252679956645619 +0.000000000000000 +2.888919646410581 +0.000006647596147 +0.252679956645619 +0.000000000000000 +2.888912175837278 +0.000000000000000 +0.252679956645619 +0.000000000000000 +2.888912175837278 +0.000000000000000
 18  19 +0.250000000020000 +0.198277817602667 +0.000000000000000 +0.000004515275187 +100.000000000000000 +0.252679956645619 +0.000000000000000 +2.888919646410581 +0.000006647596147 +0.252679956645619 +0.000000000000000 +2.888912175837278 +0.000000000000000 +0.252679956645619 +0.000000000000000 +2.888912175837278 +0.000000000000000
 18  20 +0.250000000020000 +0.198277817603333 +0.000000000000000 +0.000004376416909 +100.000000000000000 +0.252679956645619 +0.000000000000000 +2.888919646410581 +0.000006647596147 +0.252679956645619 +0.000000000000000 +2.888912175837278 +0.000000000000000 +0.252679956645619 +0.000000000000000 +2.888912175837278 +0.000000000000000
 18  21 +0.250000000020000 +0.198277817604000 +0.000000000000000 +0.000004274859747 +100.000000000000000 +0.252679956645619 +0.000000000000000 +2.888919646410581 +0.000006647596147 +0.252679956645619 +0.000000000000000 +2.888912175837278 +0.000000000000000 +0.252679956645619 +0.000000000000000 +2.888912175837278 +0.000000000000000
 18  22 +0.250000000020000 +0.198277817604667 +0.000000000000000 +0.000004182282095 +100.000000000000000 +0.252679956645619 +0.000000000000000 +2.888919646410581 +0.000006647596147 +0.252679956645619 +0.000000000000000 +2.888912175837278 +0.000000000000000 +0.252679956645619 +0.000000000000000 +2.888912175837278 +0.000000000000000
 18  23 +0.250000000020000 +0.198277817605333 +0.000000000000000 +0.000004162570391 +100.000000000000000 +0.252679956645619 +0.000000000000000 +2.888919646410581 +0.000006647596147 +0.252679956645619 +0.000000000000000 +2.888912175837278 +0.000000000000000 +0.252679956645619 +0.000000000000000 +2.888912175837278 +0.000000000000000
 18  24 +0.250000000020000 +0.198277817606000 +0.000000000000000 +0.000004023413548 +100.000000000000000 +0.252679956645619 +0.000000000000000 +2.888919646410581 +0.000006647596147 +0.252679956645619 +0.000000000000000 +2.888912175837278 +0.000000000000000 +0.252679956645619 +0.000000000000000 +2.888912175837278 +0.000000000000000
 18  25 +0.250000000020000 +0.198277817606667 +0.000000000000000 +0.000003892023982 +100.000000000000000 +0.252679956645619 +0.000000000000000 +2.888919646410581 +0.000006647596147 +0.252679956645619 +0.000000000000000 +2.888912175837278 +0.000000000000000 +0.252679956645619 +0.000000000000000 +2.888912175837278 +0.000000000000000
 18  26 +0.250000000020000 +0.198277817607333 +0.000000000000000 +0.000003862785928 +100.000000000000000 +0.252679956645619 +0.000000000000000 +2.888919646410581 +0.000006647596147 +0.252679956645619 +0.000000000000000 +2.888912175837278 +0.000000000000000 +0.252679956645619 +0.000000000000000 +2.888912175837278 +0.000000000000000
 18  27 +0.250000000020000 +0.198277817608000 +0.000000000000000 +0.000003694518450 +100.000000000000000 +0.252679956645619 +0.000000000000000 +2.888919646410581 +0.000006647596147 +0.252679956645619 +0.000000000000000 +2.888912175837278 +0.000000000000000 +0.252679956645619 +0.000000000000000 +2.888912175837278 +0.000000000000000
 18  28 +0.250000000020000 +0.198277817608667 +0.000000000000000 +0.000003606364734 +100.000000000000000 +0.252679956645619 +0.000000000000000 +2.888919646410581 +0.000006647596147 +0.252679956645619 +0.000000000000000 +2.888912175837278 +0.000000000000000 +0.252679956645619 +0.000000000000000 +2.888912175837278 +0.000000000000000
 18  29 +0.250000000020000 +0.198277817609333 +0.000000000000000 +0.000003573511626 +100.000000000000000 +0.252679956645619 +0.000000000000000 +2.888919646410581 +0.000006647596147 +0.252679956645619 +0.000000000000000 +2.888912175837278 +0.000000000000000 +0.252679956645619 +0.000000000000000 +2.888912175837278 +0.000000000000000
 18  30 +0.250000000020000 +0.198277817610000 +0.000000000000000 +0.000003387649368 +100.000000000000000 +0.252679956645619 +0.000000000000000 +2.888919646410581 +0.000006647596147 +0.252679956645619 +0.000000000000000 +2.888912175837278 +0.000000000000000 +0.252679956645619 +0.000000000000000 +2.888912175837278 +0.000000000000000
 19  21 +0.250000000026667 +0.198277817604000 +0.000000000000000 +0.000004927752677 +100.000000000000000 +0.252679956652422 +0.000000000000000 +2.888919646403742 +0.000006647596147 +0.252679956652422 +0.000000000000000 +2.888912175830439 +0.000000000000000 +0.252679956652422 +0.000000000000000 +2.888912175830439 +0.000000000000000
 19  22 +0.250000000026667 +0.198277817604667 +0.000000000000000 +0.000004887363392 +100.000000000000000 +0.252679956652422 +0.000000000000000 +2.888919646403742 +0.000006647596147 +0.252679956652422 +0.000000000000000 +2.888912175830439 +0.000000000000000 +0.252679956652422 +0.000000000000000 +2.888912175830439 +0.000000000000000
 19  23 +0.250000000026667 +0.198277817605333 +0.000000000000000 +0.000004836565162 +100.000000000000000 +0.252679956652422 +0.000000000000000 +2.888919646403742 +0.000006647596147 +0.252679956652422 +0.000000000000000 +2.888912175830439 +0.000000000000000 +0.252679956652422 +0.000000000000000 +2.888912175830439 +0.000000000000000
 19  24 +0.250000000026667 +0.198277817606000 +0.000000000000000 +0.000004698268312 +100.000000000000000 +0.252679956652422 +0.000000000000000 +2.888919646403742 +0.000006647596147 +0.252679956652422 +0.000000000000000 +2.888912175830439 +0.000000000000000 +0.252679956652422 +0.000000000000000 +2.888912175830439 +0.000000000000000
 19  25 +0.250000000026667 +0.198277817606667 +0.000000000000000 +0.000004601214548 +100.000000000000000 +0.252679956652422 +0.000000000000000 +2.888919646403742 +0.000006647596147 +0.252679956652422 +0.000000000000000 +2.888912175830439 +0.000000000000000 +0.252679956652422 +0.000000000000000 +2.888912175830439 +0.000000000000000
 19  26 +0.250000000026667 +0.198277817607333 +0.000000000000000 +0.000004548859818 +100.000000000000000 +0.252679956652422 +0.000000000000000 +2.888919646403742 +0.000006647596147 +0.252679956652422 +0.000000000000000 +2.888912175830439 +0.000000000000000 +0.252679956652422 +0.000000000000000 +2.888912175830439 +0.000000000000000
 19  27 +0.250000000026667 +0.198277817608000 +0.000000000000000 +0.000004519071233 +100.000000000000000 +0.252679956652422 +0.000000000000000 +2.888919646403742 +0.000006647596147 +0.252679956652422 +0.000000000000000 +2.888912175830439 +0.000000000000000 +0.252679956652422 +0.000000000000000 +2.888912175830439 +0.000000000000000
 19  28 +0.250000000026667 +0.198277817608667 +0.000000000000000 +0.000004388627449 +100.000000000000000 +0.252679956652422 +0.000000000000000 +2.888919646403742 +0.000006647596147 +0.252679956652422 +0.000000000000000 +2.888912175830439 +0.000000000000000 +0.252679956652422 +0.000000000000000 +2.888912175830439 +0.000000000000000
 19  29 +0.250000000026667 +0.198277817609333 +0.000000000000000 +0.000004280941559 +100.000000000000000 +0.252679956652422 +0.000000000000000 +2.888919646403742 +0.000006647596147 +0.252679956652422 +0.000000000000000 +2.888912175830439 +0.000000000000000 +0.252679956652422 +0.000000000000000 +2.888912175830439 +0.000000000000000
 19  30 +0.250000000026667 +0.198277817610000 +0.000000000000000 +0.000004185366413 +100.000000000000000 +0.252679956652422 +0.000000000000000 +2.888919646403742 +0.000006647596147 +0.252679956652422 +0.000000000000000 +2.888912175830439 +0.000000000000000 +0.252679956652422 +0.000000000000000 +2.888912175830439 +0.000000000000000
 20  29 +0.250000000033333 +0.198277817609333 +0.000000000000000 +0.000004932921497 +100.000000000000000 +0.252679956659365 +0.000000000000000 +2.888919646396846 +0.000006647596147 +0.252679956659365 +0.000000000000000 +2.888912175823543 +0.000000000000000 +0.252679956659365 +0.000000000000000 +2.888912175823543 +0.000000000000000
 20  30 +0.250000000033333 +0.198277817610000 +0.000000000000000 +0.000004890247549 +100.000000000000000 +0.252679956659365 +0.000000000000000 +2.888919646396846 +0.000006647596147 +0.252679956659365 +0.000000000000000 +2.888912175823543 +0.000000000000000 +0.252679956659365 +0.000000000000000 +2.888912175823543 +0.000000000000000
