# i   j  Gamma              Lambda             paramK             distTrajToEq       integrationTime      startPtfi1         startPtV1          startPtfi2         startPtV2          sadfocPtfi1        sadfocPtV1         sadfocPtfi2        sadfocPtV2         saddlePtfi1        saddlePtV1         saddlePtfi2        saddlePtV2
# 0   1  2                  3                  4                  5                  6                    7                  8                  9                  10                 11                 12                 13                 14                 15                 16                 17                 18
  0   0 +0.749999900000000 +0.659530500000000 +0.000000000000000 +0.000008534441423 +100.000000000000000 +0.848061928876286 +0.000000000000000 +2.293539410001864 +0.000004804606232 +0.848061928876286 +0.000000000000000 +2.293530639838869 +0.000000000000000 +0.848061928876286 +0.000000000000000 +2.293530639838869 +0.000000000000000
  0   1 +0.749999900000000 +0.659530520000000 +0.000000000000000 +0.000017650852285 +100.000000000000000 +0.848061928876286 +0.000000000000000 +2.293539410001887 +0.000004804606190 +0.848061928876286 +0.000000000000000 +2.293530639838869 +0.000000000000000 +0.848061928876286 +0.000000000000000 +2.293530639838869 +0.000000000000000
  1   0 +0.749999920000000 +0.659530500000000 +0.000000000000000 +0.000008035024577 +100.000000000000000 +0.848061959113601 +0.000000000000000 +2.293539379763518 +0.000004804606145 +0.848061959113601 +0.000000000000000 +2.293530609600475 +0.000000000000000 +0.848061959113601 +0.000000000000000 +2.293530609600475 +0.000000000000000
  1   1 +0.749999920000000 +0.659530520000000 +0.000000000000000 +0.000006704066745 +100.000000000000000 +0.848061959113601 +0.000000000000000 +2.293539379763541 +0.000004804606102 +0.848061959113601 +0.000000000000000 +2.293530609600475 +0.000000000000000 +0.848061959113601 +0.000000000000000 +2.293530609600475 +0.000000000000000
  1   2 +0.749999920000000 +0.659530540000000 +0.000000000000000 +0.000016435997976 +100.000000000000000 +0.848061959113601 +0.000000000000000 +2.293539379763563 +0.000004804606060 +0.848061959113601 +0.000000000000000 +2.293530609600475 +0.000000000000000 +0.848061959113601 +0.000000000000000 +2.293530609600475 +0.000000000000000
  2   0 +0.749999940000000 +0.659530500000000 +0.000000000000000 +0.000016478406963 +100.000000000000000 +0.848061989350839 +0.000000000000000 +2.293539349525206 +0.000004804606057 +0.848061989350839 +0.000000000000000 +2.293530579362116 +0.000000000000000 +0.848061989350839 +0.000000000000000 +2.293530579362116 +0.000000000000000
  2   1 +0.749999940000000 +0.659530520000000 +0.000000000000000 +0.000009361859670 +100.000000000000000 +0.848061989350839 +0.000000000000000 +2.293539349525229 +0.000004804606015 +0.848061989350839 +0.000000000000000 +2.293530579362116 +0.000000000000000 +0.848061989350839 +0.000000000000000 +2.293530579362116 +0.000000000000000
  2   2 +0.749999940000000 +0.659530540000000 +0.000000000000000 +0.000004677616569 +100.000000000000000 +0.848061989350839 +0.000000000000000 +2.293539349525252 +0.000004804605973 +0.848061989350839 +0.000000000000000 +2.293530579362116 +0.000000000000000 +0.848061989350839 +0.000000000000000 +2.293530579362116 +0.000000000000000
  2   3 +0.749999940000000 +0.659530560000000 +0.000000000000000 +0.000015220904254 +100.000000000000000 +0.848061989350839 +0.000000000000000 +2.293539349525275 +0.000004804605931 +0.848061989350839 +0.000000000000000 +2.293530579362116 +0.000000000000000 +0.848061989350839 +0.000000000000000 +2.293530579362116 +0.000000000000000
  3   1 +0.749999960000000 +0.659530520000000 +0.000000000000000 +0.000017443833349 +100.000000000000000 +0.848062019588149 +0.000000000000000 +2.293539319286940 +0.000004804605928 +0.848062019588149 +0.000000000000000 +2.293530549123779 +0.000000000000000 +0.848062019588149 +0.000000000000000 +2.293530549123779 +0.000000000000000
  3   2 +0.749999960000000 +0.659530540000000 +0.000000000000000 +0.000010578039631 +100.000000000000000 +0.848062019588149 +0.000000000000000 +2.293539319286963 +0.000004804605886 +0.848062019588149 +0.000000000000000 +2.293530549123779 +0.000000000000000 +0.848062019588149 +0.000000000000000 +2.293530549123779 +0.000000000000000
  3   3 +0.749999960000000 +0.659530560000000 +0.000000000000000 +0.000002094452626 +100.000000000000000 +0.848062019588149 +0.000000000000000 +2.293539319286986 +0.000004804605844 +0.848062019588149 +0.000000000000000 +2.293530549123779 +0.000000000000000 +0.848062019588149 +0.000000000000000 +2.293530549123779 +0.000000000000000
  3   4 +0.749999960000000 +0.659530580000000 +0.000000000000000 +0.000013801757402 +100.000000000000000 +0.848062019588149 +0.000000000000000 +2.293539319287009 +0.000004804605802 +0.848062019588149 +0.000000000000000 +2.293530549123779 +0.000000000000000 +0.848062019588149 +0.000000000000000 +2.293530549123779 +0.000000000000000
  4   2 +0.749999980000000 +0.659530540000000 +0.000000000000000 +0.000018377611808 +100.000000000000000 +0.848062049825329 +0.000000000000000 +2.293539289048545 +0.000004804605799 +0.848062049825329 +0.000000000000000 +2.293530518885313 +0.000000000000000 +0.848062049825329 +0.000000000000000 +2.293530518885313 +0.000000000000000
  4   3 +0.749999980000000 +0.659530560000000 +0.000000000000000 +0.000011758361441 +100.000000000000000 +0.848062049825329 +0.000000000000000 +2.293539289048568 +0.000004804605757 +0.848062049825329 +0.000000000000000 +2.293530518885313 +0.000000000000000 +0.848062049825329 +0.000000000000000 +2.293530518885313 +0.000000000000000
  4   4 +0.749999980000000 +0.659530580000000 +0.000000000000000 +0.000002007181665 +100.000000000000000 +0.848062049825329 +0.000000000000000 +2.293539289048591 +0.000004804605715 +0.848062049825329 +0.000000000000000 +2.293530518885313 +0.000000000000000 +0.848062049825329 +0.000000000000000 +2.293530518885313 +0.000000000000000
  4   5 +0.749999980000000 +0.659530600000000 +0.000000000000000 +0.000012421203756 +100.000000000000000 +0.848062049825329 +0.000000000000000 +2.293539289048614 +0.000004804605672 +0.848062049825329 +0.000000000000000 +2.293530518885313 +0.000000000000000 +0.848062049825329 +0.000000000000000 +2.293530518885313 +0.000000000000000
  5   3 +0.750000000000000 +0.659530560000000 +0.000000000000000 +0.000019341807126 +100.000000000000000 +0.848062080062493 +0.000000000000000 +2.293539258810342 +0.000004804605670 +0.848062080062493 +0.000000000000000 +2.293530488647039 +0.000000000000000 +0.848062080062493 +0.000000000000000 +2.293530488647039 +0.000000000000000
  5   4 +0.750000000000000 +0.659530580000000 +0.000000000000000 +0.000012843567352 +100.000000000000000 +0.848062080062493 +0.000000000000000 +2.293539258810365 +0.000004804605627 +0.848062080062493 +0.000000000000000 +2.293530488647039 +0.000000000000000 +0.848062080062493 +0.000000000000000 +2.293530488647039 +0.000000000000000
  5   5 +0.750000000000000 +0.659530600000000 +0.000000000000000 +0.000004118184015 +100.000000000000000 +0.848062080062493 +0.000000000000000 +2.293539258810388 +0.000004804605585 +0.848062080062493 +0.000000000000000 +2.293530488647039 +0.000000000000000 +0.848062080062493 +0.000000000000000 +2.293530488647039 +0.000000000000000
  5   6 +0.750000000000000 +0.659530620000000 +0.000000000000000 +0.000010965586874 +100.000000000000000 +0.848062080062493 +0.000000000000000 +2.293539258810411 +0.000004804605543 +0.848062080062493 +0.000000000000000 +2.293530488647039 +0.000000000000000 +0.848062080062493 +0.000000000000000 +2.293530488647039 +0.000000000000000
  5   7 +0.750000000000000 +0.659530640000000 +0.000000000000000 +0.000019568300047 +100.000000000000000 +0.848062080062493 +0.000000000000000 +2.293539258810434 +0.000004804605501 +0.848062080062493 +0.000000000000000 +2.293530488647039 +0.000000000000000 +0.848062080062493 +0.000000000000000 +2.293530488647039 +0.000000000000000
  6   5 +0.750000020000000 +0.659530600000000 +0.000000000000000 +0.000013933532109 +100.000000000000000 +0.848062110299807 +0.000000000000000 +2.293539228572066 +0.000004804605498 +0.848062110299807 +0.000000000000000 +2.293530458408669 +0.000000000000000 +0.848062110299807 +0.000000000000000 +2.293530458408669 +0.000000000000000
  6   6 +0.750000020000000 +0.659530620000000 +0.000000000000000 +0.000005802286550 +100.000000000000000 +0.848062110299807 +0.000000000000000 +2.293539228572089 +0.000004804605456 +0.848062110299807 +0.000000000000000 +2.293530458408669 +0.000000000000000 +0.848062110299807 +0.000000000000000 +2.293530458408669 +0.000000000000000
  6   7 +0.750000020000000 +0.659530640000000 +0.000000000000000 +0.000009376482610 +100.000000000000000 +0.848062110299807 +0.000000000000000 +2.293539228572112 +0.000004804605414 +0.848062110299807 +0.000000000000000 +2.293530458408669 +0.000000000000000 +0.848062110299807 +0.000000000000000 +2.293530458408669 +0.000000000000000
  6   8 +0.750000020000000 +0.659530660000000 +0.000000000000000 +0.000018317193754 +100.000000000000000 +0.848062110299807 +0.000000000000000 +2.293539228572135 +0.000004804605372 +0.848062110299807 +0.000000000000000 +2.293530458408669 +0.000000000000000 +0.848062110299807 +0.000000000000000 +2.293530458408669 +0.000000000000000
  7   6 +0.750000040000000 +0.659530620000000 +0.000000000000000 +0.000014947814339 +100.000000000000000 +0.848062140536907 +0.000000000000000 +2.293539198333800 +0.000004804605369 +0.848062140536907 +0.000000000000000 +2.293530428170332 +0.000000000000000 +0.848062140536907 +0.000000000000000 +2.293530428170332 +0.000000000000000
  7   7 +0.750000040000000 +0.659530640000000 +0.000000000000000 +0.000007287426479 +100.000000000000000 +0.848062140536907 +0.000000000000000 +2.293539198333823 +0.000004804605327 +0.848062140536907 +0.000000000000000 +2.293530428170332 +0.000000000000000 +0.848062140536907 +0.000000000000000 +2.293530428170332 +0.000000000000000
  7   8 +0.750000040000000 +0.659530660000000 +0.000000000000000 +0.000007677213301 +100.000000000000000 +0.848062140536907 +0.000000000000000 +2.293539198333846 +0.000004804605285 +0.848062140536907 +0.000000000000000 +2.293530428170332 +0.000000000000000 +0.848062140536907 +0.000000000000000 +2.293530428170332 +0.000000000000000
  7   9 +0.750000040000000 +0.659530680000000 +0.000000000000000 +0.000017088283209 +100.000000000000000 +0.848062140536907 +0.000000000000000 +2.293539198333869 +0.000004804605243 +0.848062140536907 +0.000000000000000 +2.293530428170332 +0.000000000000000 +0.848062140536907 +0.000000000000000 +2.293530428170332 +0.000000000000000
  8   7 +0.750000060000000 +0.659530640000000 +0.000000000000000 +0.000015993245175 +100.000000000000000 +0.848062170774290 +0.000000000000000 +2.293539168095581 +0.000004804605240 +0.848062170774290 +0.000000000000000 +2.293530397932042 +0.000000000000000 +0.848062170774290 +0.000000000000000 +2.293530397932042 +0.000000000000000
  8   8 +0.750000060000000 +0.659530660000000 +0.000000000000000 +0.000008678365902 +100.000000000000000 +0.848062170774290 +0.000000000000000 +2.293539168095604 +0.000004804605198 +0.848062170774290 +0.000000000000000 +2.293530397932042 +0.000000000000000 +0.848062170774290 +0.000000000000000 +2.293530397932042 +0.000000000000000
  8   9 +0.750000060000000 +0.659530680000000 +0.000000000000000 +0.000005805320523 +100.000000000000000 +0.848062170774290 +0.000000000000000 +2.293539168095627 +0.000004804605155 +0.848062170774290 +0.000000000000000 +2.293530397932042 +0.000000000000000 +0.848062170774290 +0.000000000000000 +2.293530397932042 +0.000000000000000
  8  10 +0.750000060000000 +0.659530700000000 +0.000000000000000 +0.000015886771094 +100.000000000000000 +0.848062170774290 +0.000000000000000 +2.293539168095650 +0.000004804605113 +0.848062170774290 +0.000000000000000 +2.293530397932042 +0.000000000000000 +0.848062170774290 +0.000000000000000 +2.293530397932042 +0.000000000000000
  9   8 +0.750000080000000 +0.659530660000000 +0.000000000000000 +0.000016924814858 +100.000000000000000 +0.848062201011475 +0.000000000000000 +2.293539137857167 +0.000004804605110 +0.848062201011475 +0.000000000000000 +2.293530367693557 +0.000000000000000 +0.848062201011475 +0.000000000000000 +2.293530367693557 +0.000000000000000
  9   9 +0.750000080000000 +0.659530680000000 +0.000000000000000 +0.000009908666283 +100.000000000000000 +0.848062201011475 +0.000000000000000 +2.293539137857190 +0.000004804605068 +0.848062201011475 +0.000000000000000 +2.293530367693557 +0.000000000000000 +0.848062201011475 +0.000000000000000 +2.293530367693557 +0.000000000000000
  9  10 +0.750000080000000 +0.659530700000000 +0.000000000000000 +0.000003571195521 +100.000000000000000 +0.848062201011475 +0.000000000000000 +2.293539137857213 +0.000004804605026 +0.848062201011475 +0.000000000000000 +2.293530367693557 +0.000000000000000 +0.848062201011475 +0.000000000000000 +2.293530367693557 +0.000000000000000
 10   9 +0.750000100000000 +0.659530680000000 +0.000000000000000 +0.000017894385394 +100.000000000000000 +0.848062231248792 +0.000000000000000 +2.293539107618911 +0.000004804604981 +0.848062231248792 +0.000000000000000 +2.293530337455230 +0.000000000000000 +0.848062231248792 +0.000000000000000 +2.293530337455230 +0.000000000000000
 10  10 +0.750000100000000 +0.659530700000000 +0.000000000000000 +0.000011119440698 +100.000000000000000 +0.848062231248792 +0.000000000000000 +2.293539107618934 +0.000004804604939 +0.848062231248792 +0.000000000000000 +2.293530337455230 +0.000000000000000 +0.848062231248792 +0.000000000000000 +2.293530337455230 +0.000000000000000
