# i   j  Gamma              Lambda             paramK             distTrajToEq       integrationTime      startPtfi1         startPtV1          startPtfi2         startPtV2          sadfocPtfi1        sadfocPtV1         sadfocPtfi2        sadfocPtV2         saddlePtfi1        saddlePtV1         saddlePtfi2        saddlePtV2
# 0   1  2                  3                  4                  5                  6                    7                  8                  9                  10                 11                 12                 13                 14                 15                 16                 17                 18
  3   0 +0.750000000000000 +0.150000000000000 +0.060000000000000 +1.400019369092644 +500.000000000000000 +0.943226263706384 -0.000000037625741 +2.379344891659445 -0.000006120976225 +0.943226312314427 +0.000000000000000 +2.379352799242616 +0.000000000000000 +2.379352799242616 +0.000000000000000 +0.943226312314427 +0.000000000000000
  3   1 +0.750000000000000 +0.200000000000000 +0.060000000000000 +1.438840342328346 +500.000000000000000 +0.943226263177851 -0.000000036932847 +2.379344805677495 -0.000006008255837 +0.943226312314427 +0.000000000000000 +2.379352799242616 +0.000000000000000 +2.379352799242616 +0.000000000000000 +0.943226312314427 +0.000000000000000
  3   2 +0.750000000000000 +0.250000000000000 +0.060000000000000 +1.454143373926881 +500.000000000000000 +0.943226262665121 -0.000000036240650 +2.379344722266260 -0.000005895648776 +0.943226312314427 +0.000000000000000 +2.379352799242616 +0.000000000000000 +2.379352799242616 +0.000000000000000 +0.943226312314427 +0.000000000000000
  3   3 +0.750000000000000 +0.300000000000000 +0.060000000000000 +1.468154624792981 +500.000000000000000 +0.943226262168665 -0.000000035550539 +2.379344641502478 -0.000005783381139 +0.943226312314427 +0.000000000000000 +2.379352799242616 +0.000000000000000 +2.379352799242616 +0.000000000000000 +0.943226312314427 +0.000000000000000
  3   4 +0.750000000000000 +0.350000000000000 +0.060000000000000 +1.480472682073195 +500.000000000000000 +0.943226261688840 -0.000000034863853 +2.379344563444385 -0.000005671670745 +0.943226312314427 +0.000000000000000 +2.379352799242616 +0.000000000000000 +2.379352799242616 +0.000000000000000 +0.943226312314427 +0.000000000000000
  4   0 +0.800000000000000 +0.150000000000000 +0.060000000000000 +1.254639228344729 +500.000000000000000 +1.030165826039305 -0.000000087677132 +2.304617371427449 -0.000005928104985 +1.030165945129924 +0.000000000000000 +2.304625423489386 +0.000000000000000 +2.304625423489386 +0.000000000000000 +1.030165945129924 +0.000000000000000
  4   1 +0.800000000000000 +0.200000000000000 +0.060000000000000 +1.284433629307621 +500.000000000000000 +1.030165824770122 -0.000000085926556 +2.304617285614296 -0.000005809743467 +1.030165945129924 +0.000000000000000 +2.304625423489386 +0.000000000000000 +2.304625423489386 +0.000000000000000 +1.030165945129924 +0.000000000000000
  4   2 +0.800000000000000 +0.250000000000000 +0.060000000000000 +1.302107591183269 +500.000000000000000 +1.030165823543467 -0.000000084181877 +2.304617202676614 -0.000005691780698 +1.030165945129924 +0.000000000000000 +2.304625423489386 +0.000000000000000 +2.304625423489386 +0.000000000000000 +1.030165945129924 +0.000000000000000
  4   3 +0.800000000000000 +0.300000000000000 +0.060000000000000 +1.317441879026874 +500.000000000000000 +1.030165822360308 -0.000000082446810 +2.304617122679828 -0.000005574467761 +1.030165945129924 +0.000000000000000 +2.304625423489386 +0.000000000000000 +2.304625423489386 +0.000000000000000 +1.030165945129924 +0.000000000000000
  4   4 +0.800000000000000 +0.350000000000000 +0.060000000000000 +1.330388686668505 +500.000000000000000 +1.030165821221297 -0.000000080724885 +2.304617045667970 -0.000005458043465 +1.030165945129924 +0.000000000000000 +2.304625423489386 +0.000000000000000 +2.304625423489386 +0.000000000000000 +1.030165945129924 +0.000000000000000
