# i   j  Gamma              Lambda             paramK             distTrajToEq       integrationTime      startPtfi1         startPtV1          startPtfi2         startPtV2          sadfocPtfi1        sadfocPtV1         sadfocPtfi2        sadfocPtV2         saddlePtfi1        saddlePtV1         saddlePtfi2        saddlePtV2
# 0   1  2                  3                  4                  5                  6                    7                  8                  9                  10                 11                 12                 13                 14                 15                 16                 17                 18
 11   1 +0.785714285714286 +0.071428571428571 +0.012500000000000 +1.309124729079734 +389.768236550570407 +2.257137223280629 -0.000006047319789 +0.923743227270392 -0.000000014376087 +2.257145187535663 +0.000000000000000 +0.923743246203543 +0.000000000000000 +0.923743246203543 +0.000000000000000 +2.257145187535663 +0.000000000000000
 11   2 +0.785714285714286 +0.142857142857143 +0.012500000000000 +1.332625267299063 +205.369149196795149 +2.257137095287128 -0.000005874942427 +0.923743226966117 -0.000000013966300 +2.257145187535663 +0.000000000000000 +0.923743246203543 +0.000000000000000 +0.923743246203543 +0.000000000000000 +2.257145187535663 +0.000000000000000
 11   3 +0.785714285714286 +0.214285714285714 +0.012500000000000 +1.340529978620312 +142.509690922949602 +2.257136973191278 -0.000005702980028 +0.923743226675863 -0.000000013557500 +2.257145187535663 +0.000000000000000 +0.923743246203543 +0.000000000000000 +0.923743246203543 +0.000000000000000 +2.257145187535663 +0.000000000000000
 11   4 +0.785714285714286 +0.285714285714286 +0.012500000000000 +1.346005239860788 +111.424701697218353 +2.257136857231374 -0.000005532220651 +0.923743226400195 -0.000000013151559 +2.257145187535663 +0.000000000000000 +0.923743246203543 +0.000000000000000 +0.923743246203543 +0.000000000000000 +2.257145187535663 +0.000000000000000
 11   5 +0.785714285714286 +0.357142857142857 +0.012500000000000 +1.346556790996492 +91.689177694186483 +2.257136747550482 -0.000005363402374 +0.923743226139455 -0.000000012750233 +2.257145187535663 +0.000000000000000 +0.923743246203543 +0.000000000000000 +0.923743246203543 +0.000000000000000 +2.257145187535663 +0.000000000000000
 11   6 +0.785714285714286 +0.428571428571429 +0.012500000000000 +1.347900875498684 +81.613299107727869 +2.257136644201231 -0.000005197198442 +0.923743225893766 -0.000000012355122 +2.257145187535663 +0.000000000000000 +0.923743246203543 +0.000000000000000 +0.923743246203543 +0.000000000000000 +2.257145187535663 +0.000000000000000
 11   7 +0.785714285714286 +0.500000000000000 +0.012500000000000 +1.349298703323976 +71.841322792087283 +2.257136547153604 -0.000005034206268 +0.923743225663058 -0.000000011967647 +2.257145187535663 +0.000000000000000 +0.923743246203543 +0.000000000000000 +0.923743246203543 +0.000000000000000 +2.257145187535663 +0.000000000000000
 11   8 +0.785714285714286 +0.571428571428571 +0.012500000000000 +1.350498379148583 +67.875790196017704 +2.257136456304925 -0.000004874940478 +0.923743225447087 -0.000000011589030 +2.257145187535663 +0.000000000000000 +0.923743246203543 +0.000000000000000 +0.923743246203543 +0.000000000000000 +2.257145187535663 +0.000000000000000
 11   9 +0.785714285714286 +0.642857142857143 +0.012500000000000 +1.351439477950499 +62.638057956989009 +2.257136371491133 -0.000004719829841 +0.923743225245462 -0.000000011220290 +2.257145187535663 +0.000000000000000 +0.923743246203543 +0.000000000000000 +0.923743246203543 +0.000000000000000 +2.257145187535663 +0.000000000000000
 11  10 +0.785714285714286 +0.714285714285714 +0.012500000000000 +1.352166395391088 +2000.000000000000000 +2.257154082572743 +0.000004569217679 +0.923743267349411 +0.000000010862245 +2.257145187535663 +0.000000000000000 +0.923743246203543 +0.000000000000000 +0.923743246203543 +0.000000000000000 +2.257145187535663 +0.000000000000000
 11  10 +0.785714285714286 +0.714285714285714 +0.012500000000000 +1.352136825339822 +59.335005320315645 +2.257136292498582 -0.000004569217679 +0.923743225057675 -0.000000010862245 +2.257145187535663 +0.000000000000000 +0.923743246203543 +0.000000000000000 +0.923743246203543 +0.000000000000000 +2.257145187535663 +0.000000000000000
 11  11 +0.785714285714286 +0.785714285714286 +0.012500000000000 +1.351436896333875 +2000.000000000000000 +2.257154155995700 +0.000004423365169 +0.923743267523957 +0.000000010515515 +2.257145187535663 +0.000000000000000 +0.923743246203543 +0.000000000000000 +0.923743246203543 +0.000000000000000 +2.257145187535663 +0.000000000000000
 11  11 +0.785714285714286 +0.785714285714286 +0.012500000000000 +1.352629211721392 +57.498108466398705 +2.257136219075625 -0.000004423365169 +0.923743224883130 -0.000000010515515 +2.257145187535663 +0.000000000000000 +0.923743246203543 +0.000000000000000 +0.923743246203543 +0.000000000000000 +2.257145187535663 +0.000000000000000
 11  12 +0.785714285714286 +0.857142857142857 +0.012500000000000 +1.349118570866934 +2000.000000000000000 +2.257154224127837 +0.000004282456858 +0.923743267685925 +0.000000010180538 +2.257145187535663 +0.000000000000000 +0.923743246203543 +0.000000000000000 +0.923743246203543 +0.000000000000000 +2.257145187535663 +0.000000000000000
 11  12 +0.785714285714286 +0.857142857142857 +0.012500000000000 +1.351900509653816 +55.087312607632526 +2.257136150943488 -0.000004282456858 +0.923743224721161 -0.000000010180538 +2.257145187535663 +0.000000000000000 +0.923743246203543 +0.000000000000000 +0.923743246203543 +0.000000000000000 +2.257145187535663 +0.000000000000000
 11  13 +0.785714285714286 +0.928571428571428 +0.012500000000000 +1.348690105630561 +2000.000000000000000 +2.257154287265287 +0.000004146607725 +0.923743267836020 +0.000000009857589 +2.257145187535663 +0.000000000000000 +0.923743246203543 +0.000000000000000 +0.923743246203543 +0.000000000000000 +2.257145187535663 +0.000000000000000
 11  13 +0.785714285714286 +0.928571428571428 +0.012500000000000 +1.350985557830434 +53.543855187022196 +2.257136087806038 -0.000004146607725 +0.923743224571067 -0.000000009857589 +2.257145187535663 +0.000000000000000 +0.923743246203543 +0.000000000000000 +0.923743246203543 +0.000000000000000 +2.257145187535663 +0.000000000000000
 11  14 +0.785714285714286 +1.000000000000000 +0.012500000000000 +1.349048991135462 +2000.000000000000000 +2.257154345713088 +0.000004015871151 +0.923743267974966 +0.000000009546793 +2.257145187535663 +0.000000000000000 +0.923743246203543 +0.000000000000000 +0.923743246203543 +0.000000000000000 +2.257145187535663 +0.000000000000000
 11  14 +0.785714285714286 +1.000000000000000 +0.012500000000000 +1.350405408536188 +53.912379294788778 +2.257136029358237 -0.000004015871151 +0.923743224432121 -0.000000009546793 +2.257145187535663 +0.000000000000000 +0.923743246203543 +0.000000000000000 +0.923743246203543 +0.000000000000000 +2.257145187535663 +0.000000000000000
 12   1 +0.857142857142857 +0.071428571428571 +0.012500000000000 +1.061032781807087 +382.650003301518666 +2.132940500752996 -0.000005685989317 +1.051514074526749 -0.000000032458625 +2.132948726703814 +0.000000000000000 +1.051514121484813 +0.000000000000000 +1.051514121484813 +0.000000000000000 +2.132948726703814 +0.000000000000000
 12   2 +0.857142857142857 +0.142857142857143 +0.012500000000000 +1.083231211722800 +199.207290828352058 +2.132940373604912 -0.000005497497621 +1.051514073800920 -0.000000031382615 +2.132948726703814 +0.000000000000000 +1.051514121484813 +0.000000000000000 +1.051514121484813 +0.000000000000000 +2.132948726703814 +0.000000000000000
 12   3 +0.857142857142857 +0.214285714285714 +0.012500000000000 +1.091958057009242 +139.488123017212956 +2.132940253652607 -0.000005310757443 +1.051514073116169 -0.000000030316604 +2.132948726703814 +0.000000000000000 +1.051514121484813 +0.000000000000000 +1.051514121484813 +0.000000000000000 +2.132948726703814 +0.000000000000000
 12   4 +0.857142857142857 +0.285714285714286 +0.012500000000000 +1.094593864684726 +110.289305758599028 +2.132940141046002 -0.000005126716425 +1.051514072473352 -0.000000029266000 +2.132948726703814 +0.000000000000000 +1.051514121484813 +0.000000000000000 +1.051514121484813 +0.000000000000000 +2.132948726703814 +0.000000000000000
 12   5 +0.857142857142857 +0.357142857142857 +0.012500000000000 +1.096584442526875 +92.146875542657725 +2.132940035813328 -0.000004946227243 +1.051514071872628 -0.000000028235673 +2.132948726703814 +0.000000000000000 +1.051514121484813 +0.000000000000000 +1.051514121484813 +0.000000000000000 +2.132948726703814 +0.000000000000000
 12   6 +0.857142857142857 +0.428571428571429 +0.012500000000000 +1.098503354685640 +81.561627112022549 +2.132939937873239 -0.000004770031288 +1.051514071313534 -0.000000027229854 +2.132948726703814 +0.000000000000000 +1.051514121484813 +0.000000000000000 +1.051514121484813 +0.000000000000000 +2.132948726703814 +0.000000000000000
 12   7 +0.857142857142857 +0.500000000000000 +0.012500000000000 +1.100065939454341 +74.150701421287479 +2.132939847050240 -0.000004598749154 +1.051514070795069 -0.000000026252085 +2.132948726703814 +0.000000000000000 +1.051514121484813 +0.000000000000000 +1.051514121484813 +0.000000000000000 +2.132948726703814 +0.000000000000000
 12   8 +0.857142857142857 +0.571428571428571 +0.012500000000000 +1.101239590225529 +67.895793176124698 +2.132939763091951 -0.000004432877592 +1.051514070315791 -0.000000025305203 +2.132948726703814 +0.000000000000000 +1.051514121484813 +0.000000000000000 +1.051514121484813 +0.000000000000000 +2.132948726703814 +0.000000000000000
 12   9 +0.857142857142857 +0.642857142857143 +0.012500000000000 +1.102073388864321 +64.265008530080721 +2.132939685686785 -0.000004272792115 +1.051514069873921 -0.000000024391350 +2.132948726703814 +0.000000000000000 +1.051514121484813 +0.000000000000000 +1.051514121484813 +0.000000000000000 +2.132948726703814 +0.000000000000000
 12  10 +0.857142857142857 +0.714285714285714 +0.012500000000000 +1.489465682444684 +2000.000000000000000 +2.132957838926703 +0.000004118754107 +1.051514173502186 +0.000000023512020 +2.132948726703814 +0.000000000000000 +1.051514121484813 +0.000000000000000 +1.051514121484813 +0.000000000000000 +2.132948726703814 +0.000000000000000
 12  10 +0.857142857142857 +0.714285714285714 +0.012500000000000 +1.101973120782373 +62.020896066623443 +2.132939614480925 -0.000004118754107 +1.051514069467441 -0.000000023512020 +2.132948726703814 +0.000000000000000 +1.051514121484813 +0.000000000000000 +1.051514121484813 +0.000000000000000 +2.132948726703814 +0.000000000000000
 12  11 +0.857142857142857 +0.785714285714286 +0.012500000000000 +1.385449429838490 +2000.000000000000000 +2.132957904313875 +0.000003970921171 +1.051514173875450 +0.000000022668112 +2.132948726703814 +0.000000000000000 +1.051514121484813 +0.000000000000000 +1.051514121484813 +0.000000000000000 +2.132948726703814 +0.000000000000000
 12  11 +0.857142857142857 +0.785714285714286 +0.012500000000000 +1.100832563716386 +59.461896230745865 +2.132939549093753 -0.000003970921171 +1.051514069094176 -0.000000022668112 +2.132948726703814 +0.000000000000000 +1.051514121484813 +0.000000000000000 +1.051514121484813 +0.000000000000000 +2.132948726703814 +0.000000000000000
 12  12 +0.857142857142857 +0.857142857142857 +0.012500000000000 +1.099276658384925 +2000.000000000000000 +2.132957964276405 +0.000003829359479 +1.051514174217748 +0.000000021860003 +2.132948726703814 +0.000000000000000 +1.051514121484813 +0.000000000000000 +1.051514121484813 +0.000000000000000 +2.132948726703814 +0.000000000000000
 12  12 +0.857142857142857 +0.857142857142857 +0.012500000000000 +1.100104314267989 +57.941477126724791 +2.132939489131224 -0.000003829359479 +1.051514068751878 -0.000000021860003 +2.132948726703814 +0.000000000000000 +1.051514121484813 +0.000000000000000 +1.051514121484813 +0.000000000000000 +2.132948726703814 +0.000000000000000
 12  13 +0.857142857142857 +0.928571428571428 +0.012500000000000 +1.098217638497638 +2000.000000000000000 +2.132958019210689 +0.000003694057031 +1.051514174531342 +0.000000021087625 +2.132948726703814 +0.000000000000000 +1.051514121484813 +0.000000000000000 +1.051514121484813 +0.000000000000000 +2.132948726703814 +0.000000000000000
 12  13 +0.857142857142857 +0.928571428571428 +0.012500000000000 +1.099658989124318 +56.140246561902131 +2.132939434196939 -0.000003694057031 +1.051514068438284 -0.000000021087625 +2.132948726703814 +0.000000000000000 +1.051514121484813 +0.000000000000000 +1.051514121484813 +0.000000000000000 +2.132948726703814 +0.000000000000000
 12  14 +0.857142857142857 +1.000000000000000 +0.012500000000000 +1.098554187783890 +2000.000000000000000 +2.132958069506702 +0.000003564936967 +1.051514174818458 +0.000000020350540 +2.132948726703814 +0.000000000000000 +1.051514121484813 +0.000000000000000 +1.051514121484813 +0.000000000000000 +2.132948726703814 +0.000000000000000
 12  14 +0.857142857142857 +1.000000000000000 +0.012500000000000 +1.099402208577332 +56.747129589391896 +2.132939383900927 -0.000003564936967 +1.051514068151168 -0.000000020350540 +2.132948726703814 +0.000000000000000 +1.051514121484813 +0.000000000000000 +1.051514121484813 +0.000000000000000 +2.132948726703814 +0.000000000000000
 13   1 +0.928571428571428 +0.071428571428571 +0.012500000000000 +1.073610645087267 +2000.000000000000000 +1.973604652115623 +0.000005044021404 +1.214443020559758 +0.000000061727398 +1.973596018294100 +0.000000000000000 +1.214442914901337 +0.000000000000000 +1.214442914901337 +0.000000000000000 +1.973596018294100 +0.000000000000000
 13   1 +0.928571428571428 +0.071428571428571 +0.012500000000000 +0.744298173371534 +365.714899391623476 +1.973587384472576 -0.000005044021404 +1.214442809242916 -0.000000061727398 +1.973596018294100 +0.000000000000000 +1.214442914901337 +0.000000000000000 +1.214442914901337 +0.000000000000000 +1.973596018294100 +0.000000000000000
 13   2 +0.928571428571428 +0.142857142857143 +0.012500000000000 +1.073610730179543 +2000.000000000000000 +1.973604773945882 +0.000004829450061 +1.214443022050684 +0.000000059101531 +1.973596018294100 +0.000000000000000 +1.214442914901337 +0.000000000000000 +1.214442914901337 +0.000000000000000 +1.973596018294100 +0.000000000000000
 13   2 +0.928571428571428 +0.142857142857143 +0.012500000000000 +0.765113731197669 +199.078693062907121 +1.973587262642317 -0.000004829450061 +1.214442807751990 -0.000000059101531 +1.973596018294100 +0.000000000000000 +1.214442914901337 +0.000000000000000 +1.214442914901337 +0.000000000000000 +1.973596018294100 +0.000000000000000
 13   3 +0.928571428571428 +0.214285714285714 +0.012500000000000 +1.073610808650292 +2000.000000000000000 +1.973604886295825 +0.000004619910328 +1.214443023425593 +0.000000056537239 +1.973596018294100 +0.000000000000000 +1.214442914901337 +0.000000000000000 +1.214442914901337 +0.000000000000000 +1.973596018294100 +0.000000000000000
 13   3 +0.928571428571428 +0.214285714285714 +0.012500000000000 +0.771206556625852 +138.949558730678575 +1.973587150292375 -0.000004619910328 +1.214442806377081 -0.000000056537239 +1.973596018294100 +0.000000000000000 +1.214442914901337 +0.000000000000000 +1.214442914901337 +0.000000000000000 +1.973596018294100 +0.000000000000000
 13   4 +0.928571428571428 +0.285714285714286 +0.012500000000000 +1.073610880589355 +2000.000000000000000 +1.973604989294079 +0.000004416580737 +1.214443024686058 +0.000000054048945 +1.973596018294100 +0.000000000000000 +1.214442914901337 +0.000000000000000 +1.214442914901337 +0.000000000000000 +1.973596018294100 +0.000000000000000
 13   4 +0.928571428571428 +0.285714285714286 +0.012500000000000 +0.774935156727415 +110.289756382484256 +1.973587047294121 -0.000004416580737 +1.214442805116616 -0.000000054048945 +1.973596018294100 +0.000000000000000 +1.214442914901337 +0.000000000000000 +1.214442914901337 +0.000000000000000 +1.973596018294100 +0.000000000000000
 13   5 +0.928571428571428 +0.357142857142857 +0.012500000000000 +1.073610946199240 +2000.000000000000000 +1.973605083230582 +0.000004220420903 +1.214443025835628 +0.000000051648393 +1.973596018294100 +0.000000000000000 +1.214442914901337 +0.000000000000000 +1.214442914901337 +0.000000000000000 +1.973596018294100 +0.000000000000000
 13   5 +0.928571428571428 +0.357142857142857 +0.012500000000000 +0.777863489679284 +92.442326421136059 +1.973586953357617 -0.000004220420903 +1.214442803967046 -0.000000051648393 +1.973596018294100 +0.000000000000000 +1.214442914901337 +0.000000000000000 +1.214442914901337 +0.000000000000000 +1.973596018294100 +0.000000000000000
 13   6 +0.928571428571428 +0.428571428571429 +0.012500000000000 +1.073611005771811 +2000.000000000000000 +1.973605168523208 +0.000004032162359 +1.214443026879417 +0.000000049344535 +1.973596018294100 +0.000000000000000 +1.214442914901337 +0.000000000000000 +1.214442914901337 +0.000000000000000 +1.973596018294100 +0.000000000000000
 13   6 +0.928571428571428 +0.428571428571429 +0.012500000000000 +0.779953175469710 +83.866521348543216 +1.973586868064992 -0.000004032162359 +1.214442802923257 -0.000000049344535 +1.973596018294100 +0.000000000000000 +1.214442914901337 +0.000000000000000 +1.214442914901337 +0.000000000000000 +1.973596018294100 +0.000000000000000
 13   7 +0.928571428571428 +0.500000000000000 +0.012500000000000 +1.073611059663971 +2000.000000000000000 +1.973605245682947 +0.000003852313732 +1.214443027823677 +0.000000047143595 +1.973596018294100 +0.000000000000000 +1.214442914901337 +0.000000000000000 +1.214442914901337 +0.000000000000000 +1.973596018294100 +0.000000000000000
 13   7 +0.928571428571428 +0.500000000000000 +0.012500000000000 +0.781363393812806 +76.238211125785696 +1.973586790905253 -0.000003852313732 +1.214442801978997 -0.000000047143595 +1.973596018294100 +0.000000000000000 +1.214442914901337 +0.000000000000000 +1.214442914901337 +0.000000000000000 +1.973596018294100 +0.000000000000000
 13   8 +0.928571428571428 +0.571428571428571 +0.012500000000000 +1.073611108274488 +2000.000000000000000 +1.973605315280732 +0.000003681177200 +1.214443028675396 +0.000000045049271 +1.973596018294100 +0.000000000000000 +1.214442914901337 +0.000000000000000 +1.214442914901337 +0.000000000000000 +1.973596018294100 +0.000000000000000
 13   8 +0.928571428571428 +0.571428571428571 +0.012500000000000 +0.780022165087652 +70.508425211035672 +1.973586721307467 -0.000003681177200 +1.214442801127277 -0.000000045049271 +1.973596018294100 +0.000000000000000 +1.214442914901337 +0.000000000000000 +1.214442914901337 +0.000000000000000 +1.973596018294100 +0.000000000000000
 13   9 +0.928571428571428 +0.642857142857143 +0.012500000000000 +1.073611152023498 +2000.000000000000000 +1.973605377918091 +0.000003518872655 +1.214443029441936 +0.000000043063031 +1.973596018294100 +0.000000000000000 +1.214442914901337 +0.000000000000000 +1.214442914901337 +0.000000000000000 +1.973596018294100 +0.000000000000000
 13   9 +0.928571428571428 +0.642857142857143 +0.012500000000000 +0.779111677167383 +70.393894356707449 +1.973586658670108 -0.000003518872655 +1.214442800360738 -0.000000043063031 +1.973596018294100 +0.000000000000000 +1.214442914901337 +0.000000000000000 +1.214442914901337 +0.000000000000000 +1.973596018294100 +0.000000000000000
 13  10 +0.928571428571428 +0.714285714285714 +0.012500000000000 +1.073611191335530 +2000.000000000000000 +1.973605434202838 +0.000003365366052 +1.214443030130734 +0.000000041184458 +1.973596018294100 +0.000000000000000 +1.214442914901337 +0.000000000000000 +1.214442914901337 +0.000000000000000 +1.973596018294100 +0.000000000000000
 13  10 +0.928571428571428 +0.714285714285714 +0.012500000000000 +0.778555360939862 +65.593740913626931 +1.973586602385362 -0.000003365366052 +1.214442799671940 -0.000000041184458 +1.973596018294100 +0.000000000000000 +1.214442914901337 +0.000000000000000 +1.214442914901337 +0.000000000000000 +1.973596018294100 +0.000000000000000
 13  11 +0.928571428571428 +0.785714285714286 +0.012500000000000 +1.073611226626331 +2000.000000000000000 +1.973605484730214 +0.000003220498922 +1.214443030749074 +0.000000039411613 +1.973596018294100 +0.000000000000000 +1.214442914901337 +0.000000000000000 +1.214442914901337 +0.000000000000000 +1.973596018294100 +0.000000000000000
 13  11 +0.928571428571428 +0.785714285714286 +0.012500000000000 +0.778238785583246 +65.855441492810769 +1.973586551857985 -0.000003220498922 +1.214442799053600 -0.000000039411613 +1.973596018294100 +0.000000000000000 +1.214442914901337 +0.000000000000000 +1.214442914901337 +0.000000000000000 +1.973596018294100 +0.000000000000000
 13  12 +0.928571428571428 +0.857142857142857 +0.012500000000000 +1.039559512026193 +2000.000000000000000 +1.973605530069246 +0.000003084016796 +1.214443031303921 +0.000000037741381 +1.973596018294100 +0.000000000000000 +1.214442914901337 +0.000000000000000 +1.214442914901337 +0.000000000000000 +1.973596018294100 +0.000000000000000
 13  12 +0.928571428571428 +0.857142857142857 +0.012500000000000 +0.778074109622636 +68.980476730314479 +1.973586506518954 -0.000003084016796 +1.214442798498752 -0.000000037741381 +1.973596018294100 +0.000000000000000 +1.214442914901337 +0.000000000000000 +1.214442914901337 +0.000000000000000 +1.973596018294100 +0.000000000000000
 13  13 +0.928571428571428 +0.928571428571428 +0.012500000000000 +0.777984660233030 +2000.000000000000000 +1.973605570753689 +0.000002955595002 +1.214443031801807 +0.000000036169789 +1.973596018294100 +0.000000000000000 +1.214442914901337 +0.000000000000000 +1.214442914901337 +0.000000000000000 +1.973596018294100 +0.000000000000000
 13  13 +0.928571428571428 +0.928571428571428 +0.012500000000000 +0.778002841367946 +64.045516738451511 +1.973586465834510 -0.000002955595002 +1.214442798000867 -0.000000036169789 +1.973596018294100 +0.000000000000000 +1.214442914901337 +0.000000000000000 +1.214442914901337 +0.000000000000000 +1.973596018294100 +0.000000000000000
 13  14 +0.928571428571428 +1.000000000000000 +0.012500000000000 +0.777770271869226 +2000.000000000000000 +1.973605607276784 +0.000002834861040 +1.214443032248767 +0.000000034692278 +1.973596018294100 +0.000000000000000 +1.214442914901337 +0.000000000000000 +1.214442914901337 +0.000000000000000 +1.973596018294100 +0.000000000000000
 13  14 +0.928571428571428 +1.000000000000000 +0.012500000000000 +0.777980186900806 +65.779452363522282 +1.973586429311416 -0.000002834861040 +1.214442797553907 -0.000000034692278 +1.973596018294100 +0.000000000000000 +1.214442914901337 +0.000000000000000 +1.214442914901337 +0.000000000000000 +1.973596018294100 +0.000000000000000
