# i   j  Gamma              Lambda             paramK             distTrajToEq       integrationTime      startPtfi1         startPtV1          startPtfi2         startPtV2          sadfocPtfi1        sadfocPtV1         sadfocPtfi2        sadfocPtV2         saddlePtfi1        saddlePtV1         saddlePtfi2        saddlePtV2
# 0   1  2                  3                  4                  5                  6                    7                  8                  9                  10                 11                 12                 13                 14                 15                 16                 17                 18
 10   1 +0.714285714285714 +0.071428571428571 +0.060000000000000 +1.361877791997596 +396.068471594036680 +2.428316098468441 -0.000006403351061 +0.885548373526112 -0.000000007749124 +2.428323779415566 +0.000000000000000 +0.885548382821340 +0.000000000000000 +0.885548382821340 +0.000000000000000 +2.428323779415566 +0.000000000000000
 10   2 +0.714285714285714 +0.142857142857143 +0.060000000000000 +1.489326219768761 +204.398542967594409 +2.428315971306511 -0.000006247662486 +0.885548373372224 -0.000000007560715 +2.428323779415566 +0.000000000000000 +0.885548382821340 +0.000000000000000 +0.885548382821340 +0.000000000000000 +2.428323779415566 +0.000000000000000
 11   1 +0.785714285714286 +0.071428571428571 +0.060000000000000 +1.165896729549906 +389.574061719481904 +2.326832066507058 -0.000006171852108 +1.004460185224584 -0.000000074460630 +2.326839933761238 +0.000000000000000 +1.004460280139480 +0.000000000000000 +1.004460280139480 +0.000000000000000 +2.326839933761238 +0.000000000000000
 11   2 +0.785714285714286 +0.142857142857143 +0.060000000000000 +1.289608436021834 +205.075375056968369 +2.326831938620322 -0.000006005261736 +1.004460183681688 -0.000000072450792 +2.326839933761238 +0.000000000000000 +1.004460280139480 +0.000000000000000 +1.004460280139480 +0.000000000000000 +2.326839933761238 +0.000000000000000
 11   3 +0.785714285714286 +0.214285714285714 +0.060000000000000 +1.335058824440078 +142.129101304558446 +2.326831816188931 -0.000005838704190 +1.004460182204608 -0.000000070441349 +2.326839933761238 +0.000000000000000 +1.004460280139480 +0.000000000000000 +1.004460280139480 +0.000000000000000 +2.326839933761238 +0.000000000000000
 11   4 +0.785714285714286 +0.285714285714286 +0.060000000000000 +1.357952917013931 +111.109620860220673 +2.326831699471411 -0.000005672910878 +1.004460180796463 -0.000000068441127 +2.326839933761238 +0.000000000000000 +1.004460280139480 +0.000000000000000 +1.004460280139480 +0.000000000000000 +2.326839933761238 +0.000000000000000
 11   5 +0.785714285714286 +0.357142857142857 +0.060000000000000 +1.376445099049682 +92.056353751267039 +2.326831588640159 -0.000005508575221 +1.004460179459334 -0.000000066458491 +2.326839933761238 +0.000000000000000 +1.004460280139480 +0.000000000000000 +1.004460280139480 +0.000000000000000 +2.326839933761238 +0.000000000000000
 11   6 +0.785714285714286 +0.428571428571429 +0.060000000000000 +1.390740183452681 +81.315838819183426 +2.326831483784388 -0.000005346338749 +1.004460178194296 -0.000000064501181 +2.326839933761238 +0.000000000000000 +1.004460280139480 +0.000000000000000 +1.004460280139480 +0.000000000000000 +2.326839933761238 +0.000000000000000
 11   7 +0.785714285714286 +0.500000000000000 +0.060000000000000 +1.401489894367773 +71.706651372218246 +2.326831384915865 -0.000005186780270 +1.004460177001491 -0.000000062576180 +2.326839933761238 +0.000000000000000 +1.004460280139480 +0.000000000000000 +1.004460280139480 +0.000000000000000 +2.326839933761238 +0.000000000000000
 11   8 +0.785714285714286 +0.571428571428571 +0.060000000000000 +1.407417498203660 +67.499174907925905 +2.326831291976788 -0.000005030408364 +1.004460175880223 -0.000000060689623 +2.326839933761238 +0.000000000000000 +1.004460280139480 +0.000000000000000 +1.004460280139480 +0.000000000000000 +2.326839933761238 +0.000000000000000
 11   9 +0.785714285714286 +0.642857142857143 +0.060000000000000 +1.401962515183780 +62.097467735002930 +2.326831204849101 -0.000004877657191 +1.004460174829067 -0.000000058846748 +2.326839933761238 +0.000000000000000 +1.004460280139480 +0.000000000000000 +1.004460280139480 +0.000000000000000 +2.326839933761238 +0.000000000000000
 11  10 +0.785714285714286 +0.714285714285714 +0.060000000000000 +1.389152724793328 +2000.000000000000000 +2.326848744157935 +0.000004728885367 +1.004460386432968 +0.000000057051883 +2.326839933761238 +0.000000000000000 +1.004460280139480 +0.000000000000000 +1.004460280139480 +0.000000000000000 +2.326839933761238 +0.000000000000000
 11  10 +0.785714285714286 +0.714285714285714 +0.060000000000000 +1.397710535353839 +58.861093312651349 +2.326831123364540 -0.000004728885367 +1.004460173845992 -0.000000057051883 +2.326839933761238 +0.000000000000000 +1.004460280139480 +0.000000000000000 +1.004460280139480 +0.000000000000000 +2.326839933761238 +0.000000000000000
 11  11 +0.785714285714286 +0.785714285714286 +0.060000000000000 +1.374665592722150 +2000.000000000000000 +2.326848820207653 +0.000004584377480 +1.004460387350473 +0.000000055308460 +2.326839933761238 +0.000000000000000 +1.004460280139480 +0.000000000000000 +1.004460280139480 +0.000000000000000 +2.326839933761238 +0.000000000000000
 11  11 +0.785714285714286 +0.785714285714286 +0.060000000000000 +1.394429918684575 +56.892959850801212 +2.326831047314822 -0.000004584377480 +1.004460172928486 -0.000000055308460 +2.326839933761238 +0.000000000000000 +1.004460280139480 +0.000000000000000 +1.004460280139480 +0.000000000000000 +2.326839933761238 +0.000000000000000
 11  12 +0.785714285714286 +0.857142857142857 +0.060000000000000 +1.378730942125606 +2000.000000000000000 +2.326848891061044 +0.000004444347755 +1.004460388205288 +0.000000053619064 +2.326839933761238 +0.000000000000000 +1.004460280139480 +0.000000000000000 +1.004460280139480 +0.000000000000000 +2.326839933761238 +0.000000000000000
 11  12 +0.785714285714286 +0.857142857142857 +0.060000000000000 +1.391899997287505 +54.511281441452454 +2.326830976461432 -0.000004444347755 +1.004460172073672 -0.000000053619064 +2.326839933761238 +0.000000000000000 +1.004460280139480 +0.000000000000000 +1.004460280139480 +0.000000000000000 +2.326839933761238 +0.000000000000000
 11  13 +0.785714285714286 +0.928571428571428 +0.060000000000000 +1.386050316811738 +2000.000000000000000 +2.326848956977803 +0.000004308945299 +1.004460389000544 +0.000000051985494 +2.326839933761238 +0.000000000000000 +1.004460280139480 +0.000000000000000 +1.004460280139480 +0.000000000000000 +2.326839933761238 +0.000000000000000
 11  13 +0.785714285714286 +0.928571428571428 +0.060000000000000 +1.389994931520434 +52.830729493621000 +2.326830910544672 -0.000004308945299 +1.004460171278416 -0.000000051985494 +2.326839933761238 +0.000000000000000 +1.004460280139480 +0.000000000000000 +1.004460280139480 +0.000000000000000 +2.326839933761238 +0.000000000000000
 11  14 +0.785714285714286 +1.000000000000000 +0.060000000000000 +1.393559292807432 +2000.000000000000000 +2.326849018230771 +0.000004178260413 +1.004460389739533 +0.000000050408839 +2.326839933761238 +0.000000000000000 +1.004460280139480 +0.000000000000000 +1.004460280139480 +0.000000000000000 +2.326839933761238 +0.000000000000000
 11  14 +0.785714285714286 +1.000000000000000 +0.060000000000000 +1.388554184713842 +52.819907898264162 +2.326830849291705 -0.000004178260413 +1.004460170539426 -0.000000050408839 +2.326839933761238 +0.000000000000000 +1.004460280139480 +0.000000000000000 +1.004460280139480 +0.000000000000000 +2.326839933761238 +0.000000000000000
 12   1 +0.857142857142857 +0.071428571428571 +0.060000000000000 +0.946525054550726 +385.232246070121107 +2.206446351581055 -0.000005825011939 +1.142331721891879 -0.000000167920046 +2.206454474770263 +0.000000000000000 +1.142331956062439 +0.000000000000000 +1.142331956062439 +0.000000000000000 +2.206454474770263 +0.000000000000000
 12   2 +0.857142857142857 +0.142857142857143 +0.060000000000000 +1.058338497766162 +199.669827534517083 +2.206446223959099 -0.000005642790280 +1.142331718212868 -0.000000162667067 +2.206454474770263 +0.000000000000000 +1.142331956062439 +0.000000000000000 +1.142331956062439 +0.000000000000000 +2.206454474770263 +0.000000000000000
 12   3 +0.857142857142857 +0.214285714285714 +0.060000000000000 +1.092477601848780 +138.685208918073101 +2.206446103020061 -0.000005461754806 +1.142331714726508 -0.000000157448282 +2.206454474770263 +0.000000000000000 +1.142331956062439 +0.000000000000000 +1.142331956062439 +0.000000000000000 +2.206454474770263 +0.000000000000000
 12   4 +0.857142857142857 +0.285714285714286 +0.060000000000000 +1.118754655264573 +111.656590962077289 +2.206445988953850 -0.000005282791573 +1.142331711438274 -0.000000152289234 +2.206454474770263 +0.000000000000000 +1.142331956062439 +0.000000000000000 +1.142331956062439 +0.000000000000000 +2.206454474770263 +0.000000000000000
 12   5 +0.857142857142857 +0.357142857142857 +0.060000000000000 +1.138221993933306 +92.352631031918037 +2.206445881839016 -0.000005106711229 +1.142331708350430 -0.000000147213293 +2.206454474770263 +0.000000000000000 +1.142331956062439 +0.000000000000000 +1.142331956062439 +0.000000000000000 +2.206454474770263 +0.000000000000000
 12   6 +0.857142857142857 +0.428571428571429 +0.060000000000000 +1.152317535444867 +81.247579934869123 +2.206445781651614 -0.000004934232984 +1.142331705462286 -0.000000142241190 +2.206454474770263 +0.000000000000000 +1.142331956062439 +0.000000000000000 +1.142331956062439 +0.000000000000000 +2.206454474770263 +0.000000000000000
 12   7 +0.857142857142857 +0.500000000000000 +0.060000000000000 +1.150164032810381 +73.546003786610939 +2.206445688277350 -0.000004765974117 +1.142331702770547 -0.000000137390722 +2.206454474770263 +0.000000000000000 +1.142331956062439 +0.000000000000000 +1.142331956062439 +0.000000000000000 +2.206454474770263 +0.000000000000000
 12   8 +0.857142857142857 +0.571428571428571 +0.060000000000000 +1.145856491179831 +67.101291093987243 +2.206445601525777 -0.000004602444926 +1.142331700269723 -0.000000132676598 +2.206454474770263 +0.000000000000000 +1.142331956062439 +0.000000000000000 +1.142331956062439 +0.000000000000000 +2.206454474770263 +0.000000000000000
 12   9 +0.857142857142857 +0.642857142857143 +0.060000000000000 +1.142476786898176 +63.534157848489976 +2.206445521145375 -0.000004444048646 +1.142331697952564 -0.000000128110442 +2.206454474770263 +0.000000000000000 +1.142331956062439 +0.000000000000000 +1.142331956062439 +0.000000000000000 +2.206454474770263 +0.000000000000000
 12  10 +0.857142857142857 +0.714285714285714 +0.060000000000000 +1.139842250174776 +61.170850911929612 +2.206445446838490 -0.000004291085516 +1.142331695810488 -0.000000123700910 +2.206454474770263 +0.000000000000000 +1.142331956062439 +0.000000000000000 +1.142331956062439 +0.000000000000000 +2.206454474770263 +0.000000000000000
 12  11 +0.857142857142857 +0.785714285714286 +0.060000000000000 +1.137833230629447 +58.552097156456838 +2.206445378275336 -0.000004143760013 +1.142331693833990 -0.000000119453897 +2.206454474770263 +0.000000000000000 +1.142331956062439 +0.000000000000000 +1.142331956062439 +0.000000000000000 +2.206454474770263 +0.000000000000000
 12  11 +0.857142857142857 +0.785714285714286 +0.060000000000000 +1.137339515732120 +2000.000000000000000 +2.206463571265191 +0.000004143760013 +1.142332218290889 +0.000000119453897 +2.206454474770263 +0.000000000000000 +1.142331956062439 +0.000000000000000 +1.142331956062439 +0.000000000000000 +2.206454474770263 +0.000000000000000
 12  12 +0.857142857142857 +0.857142857142857 +0.060000000000000 +1.136297778637122 +56.875567344946106 +2.206445315106520 -0.000004002190288 +1.142331692012996 -0.000000115372807 +2.206454474770263 +0.000000000000000 +1.142331956062439 +0.000000000000000 +1.142331956062439 +0.000000000000000 +2.206454474770263 +0.000000000000000
 12  12 +0.857142857142857 +0.857142857142857 +0.060000000000000 +1.125444609294305 +2000.000000000000000 +2.206463634434007 +0.000004002190288 +1.142332220111883 +0.000000115372807 +2.206454474770263 +0.000000000000000 +1.142331956062439 +0.000000000000000 +1.142331956062439 +0.000000000000000 +2.206454474770263 +0.000000000000000
 12  13 +0.857142857142857 +0.928571428571428 +0.060000000000000 +1.135147883868514 +55.005540867550280 +2.206445256973762 -0.000003866418842 +1.142331690337179 -0.000000111458867 +2.206454474770263 +0.000000000000000 +1.142331956062439 +0.000000000000000 +1.142331956062439 +0.000000000000000 +2.206454474770263 +0.000000000000000
 12  13 +0.857142857142857 +0.928571428571428 +0.060000000000000 +1.133174414210532 +2000.000000000000000 +2.206463692566765 +0.000003866418842 +1.142332221787700 +0.000000111458867 +2.206454474770263 +0.000000000000000 +1.142331956062439 +0.000000000000000 +1.142331956062439 +0.000000000000000 +2.206454474770263 +0.000000000000000
 12  14 +0.857142857142857 +1.000000000000000 +0.060000000000000 +1.134286277244980 +55.262612288170921 +2.206445203518722 -0.000003736423673 +1.142331688796208 -0.000000107711442 +2.206454474770263 +0.000000000000000 +1.142331956062439 +0.000000000000000 +1.142331956062439 +0.000000000000000 +2.206454474770263 +0.000000000000000
 12  14 +0.857142857142857 +1.000000000000000 +0.060000000000000 +1.142980687513498 +2000.000000000000000 +2.206463746021805 +0.000003736423673 +1.142332223328671 +0.000000107711442 +2.206454474770263 +0.000000000000000 +1.142331956062439 +0.000000000000000 +1.142331956062439 +0.000000000000000 +2.206454474770263 +0.000000000000000
 13   1 +0.928571428571428 +0.071428571428571 +0.060000000000000 +0.657922554241718 +372.891609772390154 +2.047202068817944 -0.000005201888813 +1.319126122267884 -0.000000327933514 +2.047210586124219 +0.000000000000000 +1.319126659209422 +0.000000000000000 +1.319126659209422 +0.000000000000000 +2.047210586124219 +0.000000000000000
 13   1 +0.928571428571428 +0.071428571428571 +0.060000000000000 +1.029671806991886 +2000.000000000000000 +2.047219103430493 +0.000005201888813 +1.319127196150959 +0.000000327933514 +2.047210586124219 +0.000000000000000 +1.319126659209422 +0.000000000000000 +1.319126659209422 +0.000000000000000 +2.047210586124219 +0.000000000000000
 13   2 +0.928571428571428 +0.142857142857143 +0.060000000000000 +0.745046067325532 +198.246739192007993 +2.047201945392496 -0.000004994187490 +1.319126114486990 -0.000000314839766 +2.047210586124219 +0.000000000000000 +1.319126659209422 +0.000000000000000 +1.319126659209422 +0.000000000000000 +2.047210586124219 +0.000000000000000
 13   2 +0.928571428571428 +0.142857142857143 +0.060000000000000 +1.029671888764483 +2000.000000000000000 +2.047219226855942 +0.000004994187490 +1.319127203931853 +0.000000314839766 +2.047210586124219 +0.000000000000000 +1.319126659209422 +0.000000000000000 +1.319126659209422 +0.000000000000000 +2.047210586124219 +0.000000000000000
 13   3 +0.928571428571428 +0.214285714285714 +0.060000000000000 +0.787125038735932 +138.186489431532578 +2.047201830844290 -0.000004790535123 +1.319126107265730 -0.000000302001268 +2.047210586124219 +0.000000000000000 +1.319126659209422 +0.000000000000000 +1.319126659209422 +0.000000000000000 +2.047210586124219 +0.000000000000000
 13   3 +0.928571428571428 +0.214285714285714 +0.060000000000000 +1.029671964655669 +2000.000000000000000 +2.047219341404147 +0.000004790535123 +1.319127211153113 +0.000000302001268 +2.047210586124219 +0.000000000000000 +1.319126659209422 +0.000000000000000 +1.319126659209422 +0.000000000000000 +2.047210586124219 +0.000000000000000
 13   4 +0.928571428571428 +0.285714285714286 +0.060000000000000 +0.814329680658858 +109.084978776201154 +2.047201725133545 -0.000004592058108 +1.319126100601593 -0.000000289489031 +2.047210586124219 +0.000000000000000 +1.319126659209422 +0.000000000000000 +1.319126659209422 +0.000000000000000 +2.047210586124219 +0.000000000000000
 13   4 +0.928571428571428 +0.285714285714286 +0.060000000000000 +1.029672034691801 +2000.000000000000000 +2.047219447114893 +0.000004592058108 +1.319127217817250 +0.000000289489031 +2.047210586124219 +0.000000000000000 +1.319126659209422 +0.000000000000000 +1.319126659209422 +0.000000000000000 +2.047210586124219 +0.000000000000000
 13   5 +0.928571428571428 +0.357142857142857 +0.060000000000000 +0.810727155027933 +91.351372100265323 +2.047201628068063 -0.000004399702638 +1.319126094482465 -0.000000277362704 +2.047210586124219 +0.000000000000000 +1.319126659209422 +0.000000000000000 +1.319126659209422 +0.000000000000000 +2.047210586124219 +0.000000000000000
 13   5 +0.928571428571428 +0.357142857142857 +0.060000000000000 +1.029672099000216 +2000.000000000000000 +2.047219544180374 +0.000004399702638 +1.319127223936378 +0.000000277362704 +2.047210586124219 +0.000000000000000 +1.319126659209422 +0.000000000000000 +1.319126659209422 +0.000000000000000 +2.047210586124219 +0.000000000000000
 13   6 +0.928571428571428 +0.428571428571429 +0.060000000000000 +0.807821250077958 +82.114018621710542 +2.047201539329928 -0.000004214221928 +1.319126088888303 -0.000000265669771 +2.047210586124219 +0.000000000000000 +1.319126659209422 +0.000000000000000 +1.319126659209422 +0.000000000000000 +2.047210586124219 +0.000000000000000
 13   6 +0.928571428571428 +0.428571428571429 +0.060000000000000 +1.029672157791542 +2000.000000000000000 +2.047219632918509 +0.000004214221928 +1.319127229530540 +0.000000265669771 +2.047210586124219 +0.000000000000000 +1.319126659209422 +0.000000000000000 +1.319126659209422 +0.000000000000000 +2.047210586124219 +0.000000000000000
 13   7 +0.928571428571428 +0.500000000000000 +0.060000000000000 +0.805522061247045 +74.363669361696537 +2.047201458504571 -0.000004036175537 +1.319126083792973 -0.000000254445505 +2.047210586124219 +0.000000000000000 +1.319126659209422 +0.000000000000000 +1.319126659209422 +0.000000000000000 +2.047210586124219 +0.000000000000000
 13   7 +0.928571428571428 +0.500000000000000 +0.060000000000000 +1.029672211340444 +2000.000000000000000 +2.047219713743866 +0.000004036175537 +1.319127234625870 +0.000000254445505 +2.047210586124219 +0.000000000000000 +1.319126659209422 +0.000000000000000 +1.319126659209422 +0.000000000000000 +2.047210586124219 +0.000000000000000
 13   8 +0.928571428571428 +0.571428571428571 +0.060000000000000 +0.803731955439397 +76.257854794984638 +2.047201385109561 -0.000003865938782 +1.319126079166060 -0.000000243713570 +2.047210586124219 +0.000000000000000 +1.319126659209422 +0.000000000000000 +1.319126659209422 +0.000000000000000 +2.047210586124219 +0.000000000000000
 13   8 +0.928571428571428 +0.571428571428571 +0.060000000000000 +1.029672259966546 +2000.000000000000000 +2.047219787138876 +0.000003865938782 +1.319127239252783 +0.000000243713570 +2.047210586124219 +0.000000000000000 +1.319126659209422 +0.000000000000000 +1.319126659209422 +0.000000000000000 +2.047210586124219 +0.000000000000000
 13   9 +0.928571428571428 +0.642857142857143 +0.060000000000000 +0.802362076266442 +68.568776236287505 +2.047201318621078 -0.000003703719607 +1.319126074974544 -0.000000233487072 +2.047210586124219 +0.000000000000000 +1.319126659209422 +0.000000000000000 +1.319126659209422 +0.000000000000000 +2.047210586124219 +0.000000000000000
 13   9 +0.928571428571428 +0.642857142857143 +0.060000000000000 +1.029672304016892 +2000.000000000000000 +2.047219853627360 +0.000003703719607 +1.319127243444299 +0.000000233487072 +2.047210586124219 +0.000000000000000 +1.319126659209422 +0.000000000000000 +1.319126659209422 +0.000000000000000 +2.047210586124219 +0.000000000000000
 13  10 +0.928571428571428 +0.714285714285714 +0.060000000000000 +0.801325387804069 +64.008911814218465 +2.047201258496753 -0.000003549580151 +1.319126071184232 -0.000000223769930 +2.047210586124219 +0.000000000000000 +1.319126659209422 +0.000000000000000 +1.319126659209422 +0.000000000000000 +2.047210586124219 +0.000000000000000
 13  10 +0.928571428571428 +0.714285714285714 +0.060000000000000 +1.029672343850816 +2000.000000000000000 +2.047219913751685 +0.000003549580151 +1.319127247234611 +0.000000223769930 +2.047210586124219 +0.000000000000000 +1.319126659209422 +0.000000000000000 +1.319126659209422 +0.000000000000000 +2.047210586124219 +0.000000000000000
 13  11 +0.928571428571428 +0.785714285714286 +0.060000000000000 +0.800558867940126 +63.486976829899106 +2.047201204194246 -0.000003403460501 +1.319126067760935 -0.000000214558366 +2.047210586124219 +0.000000000000000 +1.319126659209422 +0.000000000000000 +1.319126659209422 +0.000000000000000 +2.047210586124219 +0.000000000000000
 13  11 +0.928571428571428 +0.785714285714286 +0.060000000000000 +1.029672379827634 +2000.000000000000000 +2.047219968054192 +0.000003403460501 +1.319127250657908 +0.000000214558366 +2.047210586124219 +0.000000000000000 +1.319126659209422 +0.000000000000000 +1.319126659209422 +0.000000000000000 +2.047210586124219 +0.000000000000000
 13  12 +0.928571428571428 +0.857142857142857 +0.060000000000000 +0.799969900205658 +66.838086925126262 +2.047201155185479 -0.000003265202581 +1.319126064671361 -0.000000205842415 +2.047210586124219 +0.000000000000000 +1.319126659209422 +0.000000000000000 +1.319126659209422 +0.000000000000000 +2.047210586124219 +0.000000000000000
 13  12 +0.928571428571428 +0.857142857142857 +0.060000000000000 +1.029672412297210 +2000.000000000000000 +2.047220017062958 +0.000003265202581 +1.319127253747482 +0.000000205842415 +2.047210586124219 +0.000000000000000 +1.319126659209422 +0.000000000000000 +1.319126659209422 +0.000000000000000 +2.047210586124219 +0.000000000000000
 13  13 +0.928571428571428 +0.928571428571428 +0.060000000000000 +0.799535534241706 +61.696949907672177 +2.047201110966838 -0.000003134572698 +1.319126061883763 -0.000000197607346 +2.047210586124219 +0.000000000000000 +1.319126659209422 +0.000000000000000 +1.319126659209422 +0.000000000000000 +2.047210586124219 +0.000000000000000
 13  13 +0.928571428571428 +0.928571428571428 +0.060000000000000 +0.798342260658464 +2000.000000000000000 +2.047220061281600 +0.000003134572698 +1.319127256535080 +0.000000197607346 +2.047210586124219 +0.000000000000000 +1.319126659209422 +0.000000000000000 +1.319126659209422 +0.000000000000000 +2.047210586124219 +0.000000000000000
 13  14 +0.928571428571428 +1.000000000000000 +0.060000000000000 +0.799214635966107 +62.814959326044168 +2.047201071065874 -0.000003011281802 +1.319126059368357 -0.000000189834935 +2.047210586124219 +0.000000000000000 +1.319126659209422 +0.000000000000000 +1.319126659209422 +0.000000000000000 +2.047210586124219 +0.000000000000000
 13  14 +0.928571428571428 +1.000000000000000 +0.060000000000000 +0.809870139214928 +2000.000000000000000 +2.047220101182563 +0.000003011281802 +1.319127259050486 +0.000000189834935 +2.047210586124219 +0.000000000000000 +1.319126659209422 +0.000000000000000 +1.319126659209422 +0.000000000000000 +2.047210586124219 +0.000000000000000
