# i   j  Gamma              Lambda             paramK             distTrajToEq       integrationTime      startPtfi1         startPtV1          startPtfi2         startPtV2          sadfocPtfi1        sadfocPtV1         sadfocPtfi2        sadfocPtV2         saddlePtfi1        saddlePtV1         saddlePtfi2        saddlePtV2
# 0   1  2                  3                  4                  5                  6                    7                  8                  9                  10                 11                 12                 13                 14                 15                 16                 17                 18
 16   0 +0.883333333333333 +0.050000000000000 +0.060000000000000 +0.780677038905979 +542.237550051029643 +2.154555345117191 -0.000005702943050 +1.200650140530413 -0.000000216515998 +2.154563550756038 +0.000000000000000 +1.200650452062910 +0.000000000000000 +1.200650452062910 +0.000000000000000 +2.154563550756038 +0.000000000000000
 17   0 +0.891666666666667 +0.050000000000000 +0.060000000000000 +0.751803884755436 +538.148927693846190 +2.136763270133188 -0.000005637522624 +1.220488733597439 -0.000000233748599 +2.136771519176508 +0.000000000000000 +1.220489075627521 +0.000000000000000 +1.220489075627521 +0.000000000000000 +2.136771519176508 +0.000000000000000
 17   1 +0.891666666666667 +0.058333333333333 +0.060000000000000 +0.783016364114807 +463.247317767835341 +2.136763254735964 -0.000005614926492 +1.220488732959024 -0.000000232811696 +2.136771519176508 +0.000000000000000 +1.220489075627521 +0.000000000000000 +1.220489075627521 +0.000000000000000 +2.136771519176508 +0.000000000000000
 18   0 +0.900000000000000 +0.050000000000000 +0.060000000000000 +0.722638541722478 +530.102038132138432 +2.118217961437922 -0.000005566505975 +1.241081850051931 -0.000000252405473 +2.118226256546650 +0.000000000000000 +1.241082226182102 +0.000000000000000 +1.241082226182102 +0.000000000000000 +2.118226256546650 +0.000000000000000
 18   1 +0.900000000000000 +0.058333333333333 +0.060000000000000 +0.748260326969627 +453.957028391595657 +2.118217946071185 -0.000005543538141 +1.241081849355148 -0.000000251364029 +2.118226256546650 +0.000000000000000 +1.241082226182102 +0.000000000000000 +1.241082226182102 +0.000000000000000 +2.118226256546650 +0.000000000000000
 18   2 +0.900000000000000 +0.066666666666667 +0.060000000000000 +0.769349242987968 +398.126281716734809 +2.118217930806928 -0.000005520586531 +1.241081848663011 -0.000000250323320 +2.118226256546650 +0.000000000000000 +1.241082226182102 +0.000000000000000 +1.241082226182102 +0.000000000000000 +2.118226256546650 +0.000000000000000
 18   3 +0.900000000000000 +0.075000000000000 +0.060000000000000 +0.788977141936385 +358.882339068505246 +2.118217915645673 -0.000005497652996 +1.241081847975545 -0.000000249283431 +2.118226256546650 +0.000000000000000 +1.241082226182102 +0.000000000000000 +1.241082226182102 +0.000000000000000 +2.118226256546650 +0.000000000000000
 19   0 +0.908333333333333 +0.050000000000000 +0.060000000000000 +0.689448976500276 +534.858635051042484 +2.098812483221852 -0.000005488932856 +1.262536421529425 -0.000000272765663 +2.098820827398117 +0.000000000000000 +1.262536836182844 +0.000000000000000 +1.262536836182844 +0.000000000000000 +2.098820827398117 +0.000000000000000
 19   1 +0.908333333333333 +0.058333333333333 +0.060000000000000 +0.712773341502213 +461.456938877287087 +2.098812467896433 -0.000005465564291 +1.262536420767848 -0.000000271604391 +2.098820827398117 +0.000000000000000 +1.262536836182844 +0.000000000000000 +1.262536836182844 +0.000000000000000 +2.098820827398117 +0.000000000000000
 19   2 +0.908333333333333 +0.066666666666667 +0.060000000000000 +0.734458923368285 +404.046146604896535 +2.098812452677628 -0.000005442216292 +1.262536420011568 -0.000000270444142 +2.098820827398117 +0.000000000000000 +1.262536836182844 +0.000000000000000 +1.262536836182844 +0.000000000000000 +2.098820827398117 +0.000000000000000
 19   3 +0.908333333333333 +0.075000000000000 +0.060000000000000 +0.754448700043556 +364.250863903300228 +2.098812437565935 -0.000005418890789 +1.262536419260612 -0.000000269285010 +2.098820827398117 +0.000000000000000 +1.262536836182844 +0.000000000000000 +1.262536836182844 +0.000000000000000 +2.098820827398117 +0.000000000000000
 19   4 +0.908333333333333 +0.083333333333333 +0.060000000000000 +0.772811974476651 +330.329276176442818 +2.098812422561819 -0.000005395589701 +1.262536418515001 -0.000000268127091 +2.098820827398117 +0.000000000000000 +1.262536836182844 +0.000000000000000 +1.262536836182844 +0.000000000000000 +2.098820827398117 +0.000000000000000
 19   5 +0.908333333333333 +0.091666666666667 +0.060000000000000 +0.789621431664459 +301.253006582345449 +2.098812407665715 -0.000005372314930 +1.262536417774758 -0.000000266970481 +2.098820827398117 +0.000000000000000 +1.262536836182844 +0.000000000000000 +1.262536836182844 +0.000000000000000 +2.098820827398117 +0.000000000000000
 20   0 +0.916666666666667 +0.050000000000000 +0.060000000000000 +0.652195394239335 +524.185584241328570 +2.078415011888382 -0.000005403578218 +1.284983459709006 -0.000000295198510 +2.078423408541568 +0.000000000000000 +1.284983918419773 +0.000000000000000 +1.284983918419773 +0.000000000000000 +2.078423408541568 +0.000000000000000
 20   1 +0.916666666666667 +0.058333333333333 +0.060000000000000 +0.676369344256924 +454.291885645166872 +2.078414996617946 -0.000005379775391 +1.284983458874779 -0.000000293898157 +2.078423408541568 +0.000000000000000 +1.284983918419773 +0.000000000000000 +1.284983918419773 +0.000000000000000 +2.078423408541568 +0.000000000000000
 20   2 +0.916666666666667 +0.066666666666667 +0.060000000000000 +0.698657461462918 +394.551099039254154 +2.078414981458689 -0.000005355998172 +1.284983458046626 -0.000000292599203 +2.078423408541568 +0.000000000000000 +1.284983918419773 +0.000000000000000 +1.284983918419773 +0.000000000000000 +2.078423408541568 +0.000000000000000
 20   3 +0.916666666666667 +0.075000000000000 +0.060000000000000 +0.719054907066079 +354.783596450190544 +2.078414966411071 -0.000005332248583 +1.284983457224571 -0.000000291301759 +2.078423408541568 +0.000000000000000 +1.284983918419773 +0.000000000000000 +1.284983918419773 +0.000000000000000 +2.078423408541568 +0.000000000000000
 20   4 +0.916666666666667 +0.083333333333333 +0.060000000000000 +0.737574818600463 +315.929002163239602 +2.078414951475524 -0.000005308528629 +1.284983456408640 -0.000000290005933 +2.078423408541568 +0.000000000000000 +1.284983918419773 +0.000000000000000 +1.284983918419773 +0.000000000000000 +2.078423408541568 +0.000000000000000
 20   5 +0.916666666666667 +0.091666666666667 +0.060000000000000 +0.754446421839733 +295.006186099712181 +2.078414936652444 -0.000005284840295 +1.284983455598852 -0.000000288711835 +2.078423408541568 +0.000000000000000 +1.284983918419773 +0.000000000000000 +1.284983918419773 +0.000000000000000 +2.078423408541568 +0.000000000000000
 20   6 +0.916666666666667 +0.100000000000000 +0.060000000000000 +0.769799374907934 +275.361644690416369 +2.078414921942197 -0.000005261185551 +1.284983454795228 -0.000000287419571 +2.078423408541568 +0.000000000000000 +1.284983918419773 +0.000000000000000 +1.284983918419773 +0.000000000000000 +2.078423408541568 +0.000000000000000
 20   7 +0.916666666666667 +0.108333333333333 +0.060000000000000 +0.778563287319662 +246.624153679883420 +2.078414907345119 -0.000005237566345 +1.284983453997787 -0.000000286129250 +2.078423408541568 +0.000000000000000 +1.284983918419773 +0.000000000000000 +1.284983918419773 +0.000000000000000 +2.078423408541568 +0.000000000000000
 20   8 +0.916666666666667 +0.116666666666667 +0.060000000000000 +0.785160448600413 +235.976451033477531 +2.078414892861514 -0.000005213984608 +1.284983453206545 -0.000000284840975 +2.078423408541568 +0.000000000000000 +1.284983918419773 +0.000000000000000 +1.284983918419773 +0.000000000000000 +2.078423408541568 +0.000000000000000
 20   9 +0.916666666666667 +0.125000000000000 +0.060000000000000 +0.791510166749609 +216.487791667284000 +2.078414878491653 -0.000005190442247 +1.284983452421517 -0.000000283554851 +2.078423408541568 +0.000000000000000 +1.284983918419773 +0.000000000000000 +1.284983918419773 +0.000000000000000 +2.078423408541568 +0.000000000000000
 20  10 +0.916666666666667 +0.133333333333333 +0.060000000000000 +0.797618447526953 +206.713864949930411 +2.078414864235778 -0.000005166941150 +1.284983451642715 -0.000000282270982 +2.078423408541568 +0.000000000000000 +1.284983918419773 +0.000000000000000 +1.284983918419773 +0.000000000000000 +2.078423408541568 +0.000000000000000
 21   0 +0.925000000000000 +0.050000000000000 +0.060000000000000 +0.614141314108336 +517.384660233249519 +2.056853758873710 -0.000005308817016 +1.308596202003756 -0.000000320216065 +2.056862211917972 +0.000000000000000 +1.308596711872634 +0.000000000000000 +1.308596711872634 +0.000000000000000 +2.056862211917972 +0.000000000000000
 21   1 +0.925000000000000 +0.058333333333333 +0.060000000000000 +0.639137737095222 +445.955259692794471 +2.056853743675804 -0.000005284540660 +1.308596201087052 -0.000000318751769 +2.056862211917972 +0.000000000000000 +1.308596711872634 +0.000000000000000 +1.308596711872634 +0.000000000000000 +2.056862211917972 +0.000000000000000
 21   2 +0.925000000000000 +0.066666666666667 +0.060000000000000 +0.661924050297531 +394.268609057871515 +2.056853728594151 -0.000005260295843 +1.308596200177360 -0.000000317289376 +2.056862211917972 +0.000000000000000 +1.308596711872634 +0.000000000000000 +1.308596711872634 +0.000000000000000 +2.056862211917972 +0.000000000000000
 21   3 +0.925000000000000 +0.075000000000000 +0.060000000000000 +0.682530348814781 +353.475199008231300 +2.056853713629170 -0.000005236084686 +1.308596199274706 -0.000000315829012 +2.056862211917972 +0.000000000000000 +1.308596711872634 +0.000000000000000 +1.308596711872634 +0.000000000000000 +2.056862211917972 +0.000000000000000
 21   4 +0.925000000000000 +0.083333333333333 +0.060000000000000 +0.701166290467960 +322.806285157464970 +2.056853698781243 -0.000005211909289 +1.308596198379112 -0.000000314370806 +2.056862211917972 +0.000000000000000 +1.308596711872634 +0.000000000000000 +1.308596711872634 +0.000000000000000 +2.056862211917972 +0.000000000000000
 21   5 +0.925000000000000 +0.091666666666667 +0.060000000000000 +0.718045487834644 +292.440855603644820 +2.056853684050721 -0.000005187771732 +1.308596197490599 -0.000000312914882 +2.056862211917972 +0.000000000000000 +1.308596711872634 +0.000000000000000 +1.308596711872634 +0.000000000000000 +2.056862211917972 +0.000000000000000
 21   6 +0.925000000000000 +0.100000000000000 +0.060000000000000 +0.729311468052827 +272.294490737892261 +2.056853669437919 -0.000005163674073 +1.308596196609187 -0.000000311461365 +2.056862211917972 +0.000000000000000 +1.308596711872634 +0.000000000000000 +1.308596711872634 +0.000000000000000 +2.056862211917972 +0.000000000000000
 21   7 +0.925000000000000 +0.108333333333333 +0.060000000000000 +0.736501408656048 +251.785759350853738 +2.056853654943120 -0.000005139618349 +1.308596195734893 -0.000000310010377 +2.056862211917972 +0.000000000000000 +1.308596711872634 +0.000000000000000 +1.308596711872634 +0.000000000000000 +2.056862211917972 +0.000000000000000
 21   8 +0.925000000000000 +0.116666666666667 +0.060000000000000 +0.743396355926767 +232.447396755046952 +2.056853640566573 -0.000005115606571 +1.308596194867732 -0.000000308562040 +2.056862211917972 +0.000000000000000 +1.308596711872634 +0.000000000000000 +1.308596711872634 +0.000000000000000 +2.056862211917972 +0.000000000000000
 21   9 +0.925000000000000 +0.125000000000000 +0.060000000000000 +0.750003470338018 +221.459925517271472 +2.056853626308496 -0.000005091640729 +1.308596194007716 -0.000000307116473 +2.056862211917972 +0.000000000000000 +1.308596711872634 +0.000000000000000 +1.308596711872634 +0.000000000000000 +2.056862211917972 +0.000000000000000
 21  10 +0.925000000000000 +0.133333333333333 +0.060000000000000 +0.756333585635804 +211.473412537446052 +2.056853612169070 -0.000005067722785 +1.308596193154858 -0.000000305673796 +2.056862211917972 +0.000000000000000 +1.308596711872634 +0.000000000000000 +1.308596711872634 +0.000000000000000 +2.056862211917972 +0.000000000000000
 21  11 +0.925000000000000 +0.141666666666667 +0.060000000000000 +0.762398987604911 +201.542080759174382 +2.056853598148449 -0.000005043854677 +1.308596192309165 -0.000000304234125 +2.056862211917972 +0.000000000000000 +1.308596711872634 +0.000000000000000 +1.308596711872634 +0.000000000000000 +2.056862211917972 +0.000000000000000
 21  12 +0.925000000000000 +0.150000000000000 +0.060000000000000 +0.768178210279188 +191.377550816387270 +2.056853584246751 -0.000005020038316 +1.308596191470645 -0.000000302797575 +2.056862211917972 +0.000000000000000 +1.308596711872634 +0.000000000000000 +1.308596711872634 +0.000000000000000 +2.056862211917972 +0.000000000000000
 21  13 +0.925000000000000 +0.158333333333333 +0.060000000000000 +0.773693175480483 +181.355021387376468 +2.056853570464063 -0.000004996275587 +1.308596190639304 -0.000000301364260 +2.056862211917972 +0.000000000000000 +1.308596711872634 +0.000000000000000 +1.308596711872634 +0.000000000000000 +2.056862211917972 +0.000000000000000
 21  14 +0.925000000000000 +0.166666666666667 +0.060000000000000 +0.778979876838254 +171.582027709126550 +2.056853556800442 -0.000004972568345 +1.308596189815145 -0.000000299934291 +2.056862211917972 +0.000000000000000 +1.308596711872634 +0.000000000000000 +1.308596711872634 +0.000000000000000 +2.056862211917972 +0.000000000000000
 21  15 +0.925000000000000 +0.175000000000000 +0.060000000000000 +0.784049946925925 +162.014932650423646 +2.056853543255914 -0.000004948918419 +1.308596188998169 -0.000000298507780 +2.056862211917972 +0.000000000000000 +1.308596711872634 +0.000000000000000 +1.308596711872634 +0.000000000000000 +2.056862211917972 +0.000000000000000
 21  16 +0.925000000000000 +0.183333333333333 +0.060000000000000 +0.788858600538914 +161.647697107122383 +2.056853529830471 -0.000004925327606 +1.308596188188376 -0.000000297084835 +2.056862211917972 +0.000000000000000 +1.308596711872634 +0.000000000000000 +1.308596711872634 +0.000000000000000 +2.056862211917972 +0.000000000000000
 21  17 +0.925000000000000 +0.191666666666667 +0.060000000000000 +0.793464506553410 +151.544163033765471 +2.056853516524080 -0.000004901797676 +1.308596187385764 -0.000000295665562 +2.056862211917972 +0.000000000000000 +1.308596711872634 +0.000000000000000 +1.308596711872634 +0.000000000000000 +2.056862211917972 +0.000000000000000
 21  18 +0.925000000000000 +0.200000000000000 +0.060000000000000 +0.797886200239319 +142.227418933694935 +2.056853503336674 -0.000004878330368 +1.308596186590329 -0.000000294250066 +2.056862211917972 +0.000000000000000 +1.308596711872634 +0.000000000000000 +1.308596711872634 +0.000000000000000 +2.056862211917972 +0.000000000000000
 22   0 +0.933333333333333 +0.050000000000000 +0.060000000000000 +0.575350980204987 +524.938523894944638 +2.033900977094143 -0.000005202438561 +1.333599016200404 -0.000000348546320 +2.033909491069870 +0.000000000000000 +1.333599586608852 +0.000000000000000 +1.333599586608852 +0.000000000000000 +2.033909491069870 +0.000000000000000
 22   1 +0.933333333333333 +0.058333333333333 +0.060000000000000 +0.600998567236128 +451.643981498534572 +2.033900961991785 -0.000005177642000 +1.333599015188596 -0.000000346885031 +2.033909491069870 +0.000000000000000 +1.333599586608852 +0.000000000000000 +1.333599586608852 +0.000000000000000 +2.033909491069870 +0.000000000000000
 22   2 +0.933333333333333 +0.066666666666667 +0.060000000000000 +0.624134810644366 +399.009003477616147 +2.033900947011375 -0.000005152884056 +1.333599014184957 -0.000000345226330 +2.033909491069870 +0.000000000000000 +1.333599586608852 +0.000000000000000 +1.333599586608852 +0.000000000000000 +2.033909491069870 +0.000000000000000
 22   3 +0.933333333333333 +0.075000000000000 +0.060000000000000 +0.644864017029090 +356.757946938325745 +2.033900932153275 -0.000005128166962 +1.333599013189513 -0.000000343570366 +2.033909491069870 +0.000000000000000 +1.333599586608852 +0.000000000000000 +1.333599586608852 +0.000000000000000 +2.033909491069870 +0.000000000000000
 22   4 +0.933333333333333 +0.083333333333333 +0.060000000000000 +0.663497664274582 +325.065095390765009 +2.033900917417811 -0.000005103492925 +1.333599012202286 -0.000000341917287 +2.033909491069870 +0.000000000000000 +1.333599586608852 +0.000000000000000 +1.333599586608852 +0.000000000000000 +2.033909491069870 +0.000000000000000
 22   5 +0.933333333333333 +0.091666666666667 +0.060000000000000 +0.677060607598038 +294.231901588333926 +2.033900902805271 -0.000005078864129 +1.333599011223293 -0.000000340267238 +2.033909491069870 +0.000000000000000 +1.333599586608852 +0.000000000000000 +1.333599586608852 +0.000000000000000 +2.033909491069870 +0.000000000000000
 22   6 +0.933333333333333 +0.100000000000000 +0.060000000000000 +0.684943336433239 +273.393854997298661 +2.033900888315908 -0.000005054282731 +1.333599010252553 -0.000000338620365 +2.033909491069870 +0.000000000000000 +1.333599586608852 +0.000000000000000 +1.333599586608852 +0.000000000000000 +2.033909491069870 +0.000000000000000
 22   7 +0.933333333333333 +0.108333333333333 +0.060000000000000 +0.692481858045183 +252.362214413175735 +2.033900873949939 -0.000005029750864 +1.333599009290081 -0.000000336976810 +2.033909491069870 +0.000000000000000 +1.333599586608852 +0.000000000000000 +1.333599586608852 +0.000000000000000 +2.033909491069870 +0.000000000000000
 22   8 +0.933333333333333 +0.116666666666667 +0.060000000000000 +0.699682343958788 +236.296378108207591 +2.033900859707545 -0.000005005270630 +1.333599008335887 -0.000000335336715 +2.033909491069870 +0.000000000000000 +1.333599586608852 +0.000000000000000 +1.333599586608852 +0.000000000000000 +2.033909491069870 +0.000000000000000
 22   9 +0.933333333333333 +0.125000000000000 +0.060000000000000 +0.706556917689034 +221.162492011914821 +2.033900845588874 -0.000004980844106 +1.333599007389982 -0.000000333700218 +2.033909491069870 +0.000000000000000 +1.333599586608852 +0.000000000000000 +1.333599586608852 +0.000000000000000 +2.033909491069870 +0.000000000000000
 22  10 +0.933333333333333 +0.133333333333333 +0.060000000000000 +0.713113270620288 +210.760234524190054 +2.033900831594036 -0.000004956473338 +1.333599006452374 -0.000000332067457 +2.033909491069870 +0.000000000000000 +1.333599586608852 +0.000000000000000 +1.333599586608852 +0.000000000000000 +2.033909491069870 +0.000000000000000
 22  11 +0.933333333333333 +0.141666666666667 +0.060000000000000 +0.719333715381798 +200.130553397385000 +2.033900817723110 -0.000004932160342 +1.333599005523068 -0.000000330438566 +2.033909491069870 +0.000000000000000 +1.333599586608852 +0.000000000000000 +1.333599586608852 +0.000000000000000 +2.033909491069870 +0.000000000000000
 22  12 +0.933333333333333 +0.150000000000000 +0.060000000000000 +0.725271327964474 +189.769845097240363 +2.033900803976138 -0.000004907907105 +1.333599004602066 -0.000000328813678 +2.033909491069870 +0.000000000000000 +1.333599586608852 +0.000000000000000 +1.333599586608852 +0.000000000000000 +2.033909491069870 +0.000000000000000
 22  13 +0.933333333333333 +0.158333333333333 +0.060000000000000 +0.730942547844050 +179.941654068419382 +2.033900790353129 -0.000004883715580 +1.333599003689369 -0.000000327192925 +2.033909491069870 +0.000000000000000 +1.333599586608852 +0.000000000000000 +1.333599586608852 +0.000000000000000 +2.033909491069870 +0.000000000000000
 22  14 +0.933333333333333 +0.166666666666667 +0.060000000000000 +0.736362523476877 +171.167668523722398 +2.033900776854062 -0.000004859587689 +1.333599002784975 -0.000000325576436 +2.033909491069870 +0.000000000000000 +1.333599586608852 +0.000000000000000 +1.333599586608852 +0.000000000000000 +2.033909491069870 +0.000000000000000
 22  15 +0.933333333333333 +0.175000000000000 +0.060000000000000 +0.741499770144705 +163.843895832134308 +2.033900763478878 -0.000004835525322 +1.333599001888882 -0.000000323964336 +2.033909491069870 +0.000000000000000 +1.333599586608852 +0.000000000000000 +1.333599586608852 +0.000000000000000 +2.033909491069870 +0.000000000000000
 22  16 +0.933333333333333 +0.183333333333333 +0.060000000000000 +0.746398072637741 +159.074094349822104 +2.033900750227490 -0.000004811530334 +1.333599001001083 -0.000000322356751 +2.033909491069870 +0.000000000000000 +1.333599586608852 +0.000000000000000 +1.333599586608852 +0.000000000000000 +2.033909491069870 +0.000000000000000
 22  17 +0.933333333333333 +0.191666666666667 +0.060000000000000 +0.751085848203634 +149.915732266406764 +2.033900737099779 -0.000004787604548 +1.333599000121569 -0.000000320753802 +2.033909491069870 +0.000000000000000 +1.333599586608852 +0.000000000000000 +1.333599586608852 +0.000000000000000 +2.033909491069870 +0.000000000000000
 22  18 +0.933333333333333 +0.200000000000000 +0.060000000000000 +0.755540849625801 +148.906134087251814 +2.033900724095593 -0.000004763749751 +1.333598999250331 -0.000000319155608 +2.033909491069870 +0.000000000000000 +1.333599586608852 +0.000000000000000 +1.333599586608852 +0.000000000000000 +2.033909491069870 +0.000000000000000
 22  19 +0.933333333333333 +0.208333333333333 +0.060000000000000 +0.759779621473628 +140.700880223482045 +2.033900711214750 -0.000004739967694 +1.333598998387357 -0.000000317562288 +2.033909491069870 +0.000000000000000 +1.333599586608852 +0.000000000000000 +1.333599586608852 +0.000000000000000 +2.033909491069870 +0.000000000000000
 22  20 +0.933333333333333 +0.216666666666667 +0.060000000000000 +0.763841588167644 +138.963788344775566 +2.033900698457039 -0.000004716260094 +1.333598997532632 -0.000000315973957 +2.033909491069870 +0.000000000000000 +1.333599586608852 +0.000000000000000 +1.333599586608852 +0.000000000000000 +2.033909491069870 +0.000000000000000
 22  21 +0.933333333333333 +0.225000000000000 +0.060000000000000 +0.767690608219722 +133.075314978129711 +2.033900685822219 -0.000004692628631 +1.333598996686141 -0.000000314390727 +2.033909491069870 +0.000000000000000 +1.333599586608852 +0.000000000000000 +1.333599586608852 +0.000000000000000 +2.033909491069870 +0.000000000000000
 22  22 +0.933333333333333 +0.233333333333333 +0.060000000000000 +0.771366887582024 +129.179337899781387 +2.033900673310020 -0.000004669074950 +1.333598995847864 -0.000000312812707 +2.033909491069870 +0.000000000000000 +1.333599586608852 +0.000000000000000 +1.333599586608852 +0.000000000000000 +2.033909491069870 +0.000000000000000
 22  23 +0.933333333333333 +0.241666666666667 +0.060000000000000 +0.774882598150596 +124.082181346194460 +2.033900660920143 -0.000004645600657 +1.333598995017783 -0.000000311240007 +2.033909491069870 +0.000000000000000 +1.333599586608852 +0.000000000000000 +1.333599586608852 +0.000000000000000 +2.033909491069870 +0.000000000000000
 22  24 +0.933333333333333 +0.250000000000000 +0.060000000000000 +0.778210423171491 +120.001423137619867 +2.033900648652263 -0.000004622207323 +1.333598994195875 -0.000000309672730 +2.033909491069870 +0.000000000000000 +1.333599586608852 +0.000000000000000 +1.333599586608852 +0.000000000000000 +2.033909491069870 +0.000000000000000
 23   0 +0.941666666666667 +0.050000000000000 +0.060000000000000 +0.535791599174973 +525.413978321680702 +2.009250520617834 -0.000005081349006 +1.360302347268196 -0.000000381277458 +2.009259100829017 +0.000000000000000 +1.360302991081701 +0.000000000000000 +1.360302991081701 +0.000000000000000 +2.009259100829017 +0.000000000000000
 23   1 +0.941666666666667 +0.058333333333333 +0.060000000000000 +0.561961375415750 +449.473362038175537 +2.009250505642029 -0.000005055975901 +1.360302346144491 -0.000000379373595 +2.009259100829017 +0.000000000000000 +1.360302991081701 +0.000000000000000 +1.360302991081701 +0.000000000000000 +2.009259100829017 +0.000000000000000
 23   2 +0.941666666666667 +0.066666666666667 +0.060000000000000 +0.585189585681078 +400.551019103003625 +2.009250490794635 -0.000005030650018 +1.360302345030422 -0.000000377473275 +2.009259100829017 +0.000000000000000 +1.360302991081701 +0.000000000000000 +1.360302991081701 +0.000000000000000 +2.009259100829017 +0.000000000000000
 23   3 +0.941666666666667 +0.075000000000000 +0.060000000000000 +0.605945516764836 +356.983618862126150 +2.009250476075940 -0.000005005373715 +1.360302343926009 -0.000000375576676 +2.009259100829017 +0.000000000000000 +1.360302991081701 +0.000000000000000 +1.360302991081701 +0.000000000000000 +2.009259100829017 +0.000000000000000
 23   4 +0.941666666666667 +0.083333333333333 +0.060000000000000 +0.621244011457879 +319.677033152454896 +2.009250461486195 -0.000004980149322 +1.360302342831272 -0.000000373683971 +2.009259100829017 +0.000000000000000 +1.360302991081701 +0.000000000000000 +1.360302991081701 +0.000000000000000 +2.009259100829017 +0.000000000000000
 23   5 +0.941666666666667 +0.091666666666667 +0.060000000000000 +0.629963415724273 +297.342329813517381 +2.009250447025610 -0.000004954979137 +1.360302341746227 -0.000000371795334 +2.009259100829017 +0.000000000000000 +1.360302991081701 +0.000000000000000 +1.360302991081701 +0.000000000000000 +2.009259100829017 +0.000000000000000
 23   6 +0.941666666666667 +0.100000000000000 +0.060000000000000 +0.638264068273763 +271.318018234963120 +2.009250432694356 -0.000004929865431 +1.360302340670885 -0.000000369910935 +2.009259100829017 +0.000000000000000 +1.360302991081701 +0.000000000000000 +1.360302991081701 +0.000000000000000 +2.009259100829017 +0.000000000000000
 23   7 +0.941666666666667 +0.108333333333333 +0.060000000000000 +0.646155113548572 +249.737425990589088 +2.009250418492567 -0.000004904810439 +1.360302339605258 -0.000000368030941 +2.009259100829017 +0.000000000000000 +1.360302991081701 +0.000000000000000 +1.360302991081701 +0.000000000000000 +2.009259100829017 +0.000000000000000
 23   8 +0.941666666666667 +0.116666666666667 +0.060000000000000 +0.653653329097408 +238.332590461383745 +2.009250404420340 -0.000004879816368 +1.360302338549353 -0.000000366155519 +2.009259100829017 +0.000000000000000 +1.360302991081701 +0.000000000000000 +1.360302991081701 +0.000000000000000 +2.009259100829017 +0.000000000000000
 23   9 +0.941666666666667 +0.125000000000000 +0.060000000000000 +0.660778838557435 +222.130563135933812 +2.009250390477730 -0.000004854885387 +1.360302337503174 -0.000000364284830 +2.009259100829017 +0.000000000000000 +1.360302991081701 +0.000000000000000 +1.360302991081701 +0.000000000000000 +2.009259100829017 +0.000000000000000
 23  10 +0.941666666666667 +0.133333333333333 +0.060000000000000 +0.667552752692690 +207.327568125979894 +2.009250376664759 -0.000004830019634 +1.360302336466722 -0.000000362419036 +2.009259100829017 +0.000000000000000 +1.360302991081701 +0.000000000000000 +1.360302991081701 +0.000000000000000 +2.009259100829017 +0.000000000000000
 23  11 +0.941666666666667 +0.141666666666667 +0.060000000000000 +0.673979923494680 +200.397264678090323 +2.009250362981410 -0.000004805221210 +1.360302335439996 -0.000000360558294 +2.009259100829017 +0.000000000000000 +1.360302991081701 +0.000000000000000 +1.360302991081701 +0.000000000000000 +2.009259100829017 +0.000000000000000
 23  12 +0.941666666666667 +0.150000000000000 +0.060000000000000 +0.680063428804482 +185.737172696214458 +2.009250349427633 -0.000004780492179 +1.360302334422992 -0.000000358702759 +2.009259100829017 +0.000000000000000 +1.360302991081701 +0.000000000000000 +1.360302991081701 +0.000000000000000 +2.009259100829017 +0.000000000000000
 23  13 +0.941666666666667 +0.158333333333333 +0.060000000000000 +0.685853307454110 +179.845359217326632 +2.009250336003337 -0.000004755834572 +1.360302333415705 -0.000000356852583 +2.009259100829017 +0.000000000000000 +1.360302991081701 +0.000000000000000 +1.360302991081701 +0.000000000000000 +2.009259100829017 +0.000000000000000
 23  14 +0.941666666666667 +0.166666666666667 +0.060000000000000 +0.691367864997827 +174.072219488094106 +2.009250322708402 -0.000004731250378 +1.360302332418123 -0.000000355007915 +2.009259100829017 +0.000000000000000 +1.360302991081701 +0.000000000000000 +1.360302991081701 +0.000000000000000 +2.009259100829017 +0.000000000000000
 23  15 +0.941666666666667 +0.175000000000000 +0.060000000000000 +0.696620188370399 +164.330553138833949 +2.009250309542669 -0.000004706741549 +1.360302331430236 -0.000000353168903 +2.009259100829017 +0.000000000000000 +1.360302991081701 +0.000000000000000 +1.360302991081701 +0.000000000000000 +2.009259100829017 +0.000000000000000
 23  16 +0.941666666666667 +0.183333333333333 +0.060000000000000 +0.701574455242666 +158.457881653284232 +2.009250296505947 -0.000004682310001 +1.360302330452030 -0.000000351335689 +2.009259100829017 +0.000000000000000 +1.360302991081701 +0.000000000000000 +1.360302991081701 +0.000000000000000 +2.009259100829017 +0.000000000000000
 23  17 +0.941666666666667 +0.191666666666667 +0.060000000000000 +0.706301457410172 +153.216138408899070 +2.009250283598011 -0.000004657957607 +1.360302329483487 -0.000000349508415 +2.009259100829017 +0.000000000000000 +1.360302991081701 +0.000000000000000 +1.360302991081701 +0.000000000000000 +2.009259100829017 +0.000000000000000
 23  18 +0.941666666666667 +0.200000000000000 +0.060000000000000 +0.710814254506860 +148.055515759120226 +2.009250270818606 -0.000004633686201 +1.360302328524588 -0.000000347687217 +2.009259100829017 +0.000000000000000 +1.360302991081701 +0.000000000000000 +1.360302991081701 +0.000000000000000 +2.009259100829017 +0.000000000000000
 23  19 +0.941666666666667 +0.208333333333333 +0.060000000000000 +0.715073863184873 +143.074464791083471 +2.009250258167441 -0.000004609497578 +1.360302327575312 -0.000000345872231 +2.009259100829017 +0.000000000000000 +1.360302991081701 +0.000000000000000 +1.360302991081701 +0.000000000000000 +2.009259100829017 +0.000000000000000
 23  20 +0.941666666666667 +0.216666666666667 +0.060000000000000 +0.719136641359593 +138.028025785917947 +2.009250245644196 -0.000004585393490 +1.360302326635634 -0.000000344063589 +2.009259100829017 +0.000000000000000 +1.360302991081701 +0.000000000000000 +1.360302991081701 +0.000000000000000 +2.009259100829017 +0.000000000000000
 23  21 +0.941666666666667 +0.225000000000000 +0.060000000000000 +0.723016659067250 +133.122770982533410 +2.009250233248522 -0.000004561375650 +1.360302325705528 -0.000000342261417 +2.009259100829017 +0.000000000000000 +1.360302991081701 +0.000000000000000 +1.360302991081701 +0.000000000000000 +2.009259100829017 +0.000000000000000
 23  22 +0.941666666666667 +0.233333333333333 +0.060000000000000 +0.726675158079424 +128.214462370584300 +2.009250220980035 -0.000004537445727 +1.360302324784966 -0.000000340465843 +2.009259100829017 +0.000000000000000 +1.360302991081701 +0.000000000000000 +1.360302991081701 +0.000000000000000 +2.009259100829017 +0.000000000000000
 23  23 +0.941666666666667 +0.241666666666667 +0.060000000000000 +0.730176707757842 +126.926466051324823 +2.009250208838328 -0.000004513605350 +1.360302323873917 -0.000000338676988 +2.009259100829017 +0.000000000000000 +1.360302991081701 +0.000000000000000 +1.360302991081701 +0.000000000000000 +2.009259100829017 +0.000000000000000
 23  24 +0.941666666666667 +0.250000000000000 +0.060000000000000 +0.732516150188205 +122.539847690377343 +2.009250196822961 -0.000004489856103 +1.360302322972348 -0.000000336894970 +2.009259100829017 +0.000000000000000 +1.360302991081701 +0.000000000000000 +1.360302991081701 +0.000000000000000 +2.009259100829017 +0.000000000000000
 24   0 +0.950000000000000 +0.050000000000000 +0.060000000000000 +0.495690606076396 +523.059074083180690 +1.982460026821999 -0.000004940951931 +1.389146272991961 -0.000000420134690 +1.982468679518400 +0.000000000000000 +1.389147008740451 +0.000000000000000 +1.389147008740451 +0.000000000000000 +1.982468679518400 +0.000000000000000
 24   1 +0.950000000000000 +0.058333333333333 +0.060000000000000 +0.522007226147719 +449.334826771457756 +1.982460012016048 -0.000004914932754 +1.389146271732994 -0.000000417922250 +1.982468679518400 +0.000000000000000 +1.389147008740451 +0.000000000000000 +1.389147008740451 +0.000000000000000 +1.982468679518400 +0.000000000000000
 24   2 +0.950000000000000 +0.066666666666667 +0.060000000000000 +0.545061877609889 +398.922981124952287 +1.982459997345945 -0.000004888971513 +1.389146270485579 -0.000000415714737 +1.982468679518400 +0.000000000000000 +1.389147008740451 +0.000000000000000 +1.389147008740451 +0.000000000000000 +1.982468679518400 +0.000000000000000
 24   3 +0.950000000000000 +0.075000000000000 +0.060000000000000 +0.561176152686300 +354.572844243896952 +1.982459982811881 -0.000004863070709 +1.389146269249731 -0.000000413512362 +1.982468679518400 +0.000000000000000 +1.389147008740451 +0.000000000000000 +1.389147008740451 +0.000000000000000 +1.982468679518400 +0.000000000000000
 24   4 +0.950000000000000 +0.083333333333333 +0.060000000000000 +0.570963039203743 +320.956328120611602 +1.982459968414008 -0.000004837232810 +1.389146268025464 -0.000000411315337 +1.982468679518400 +0.000000000000000 +1.389147008740451 +0.000000000000000 +1.389147008740451 +0.000000000000000 +1.982468679518400 +0.000000000000000
 24   5 +0.950000000000000 +0.091666666666667 +0.060000000000000 +0.580168665348227 +297.838856628537144 +1.982459954152432 -0.000004811460248 +1.389146266812786 -0.000000409123867 +1.982468679518400 +0.000000000000000 +1.389147008740451 +0.000000000000000 +1.389147008740451 +0.000000000000000 +1.982468679518400 +0.000000000000000
 24   6 +0.950000000000000 +0.100000000000000 +0.060000000000000 +0.588879308606616 +269.599619779509112 +1.982459940027219 -0.000004785755415 +1.389146265611703 -0.000000406938156 +1.982468679518400 +0.000000000000000 +1.389147008740451 +0.000000000000000 +1.389147008740451 +0.000000000000000 +1.982468679518400 +0.000000000000000
 24   7 +0.950000000000000 +0.108333333333333 +0.060000000000000 +0.597117013540265 +253.353329622341022 +1.982459926038393 -0.000004760120667 +1.389146264422218 -0.000000404758405 +1.982468679518400 +0.000000000000000 +1.389147008740451 +0.000000000000000 +1.389147008740451 +0.000000000000000 +1.982468679518400 +0.000000000000000
 24   8 +0.950000000000000 +0.116666666666667 +0.060000000000000 +0.604908086366582 +232.090155949348571 +1.982459912185937 -0.000004734558320 +1.389146263244328 -0.000000402584810 +1.982468679518400 +0.000000000000000 +1.389147008740451 +0.000000000000000 +1.389147008740451 +0.000000000000000 +1.982468679518400 +0.000000000000000
 24   9 +0.950000000000000 +0.125000000000000 +0.060000000000000 +0.612280005968880 +220.396622955287057 +1.982459898469794 -0.000004709070648 +1.389146262078029 -0.000000400417564 +1.982468679518400 +0.000000000000000 +1.389147008740451 +0.000000000000000 +1.389147008740451 +0.000000000000000 +1.982468679518400 +0.000000000000000
 24  10 +0.950000000000000 +0.133333333333333 +0.060000000000000 +0.619249901414729 +208.909888867419625 +1.982459884889866 -0.000004683659887 +1.389146260923312 -0.000000398256859 +1.982468679518400 +0.000000000000000 +1.389147008740451 +0.000000000000000 +1.389147008740451 +0.000000000000000 +1.982468679518400 +0.000000000000000
 24  11 +0.950000000000000 +0.141666666666667 +0.060000000000000 +0.625823118952808 +198.151243181036193 +1.982459871446017 -0.000004658328228 +1.389146259780167 -0.000000396102879 +1.982468679518400 +0.000000000000000 +1.389147008740451 +0.000000000000000 +1.389147008740451 +0.000000000000000 +1.982468679518400 +0.000000000000000
 24  12 +0.950000000000000 +0.150000000000000 +0.060000000000000 +0.632051051092418 +187.167391036162257 +1.982459858138071 -0.000004633077820 +1.389146258648577 -0.000000393955809 +1.982468679518400 +0.000000000000000 +1.389147008740451 +0.000000000000000 +1.389147008740451 +0.000000000000000 +1.982468679518400 +0.000000000000000
 24  13 +0.950000000000000 +0.158333333333333 +0.060000000000000 +0.637957277722282 +176.386079239010627 +1.982459844965817 -0.000004607910769 +1.389146257528526 -0.000000391815826 +1.982468679518400 +0.000000000000000 +1.389147008740451 +0.000000000000000 +1.389147008740451 +0.000000000000000 +1.982468679518400 +0.000000000000000
 24  14 +0.950000000000000 +0.166666666666667 +0.060000000000000 +0.643563288530897 +170.322173815330245 +1.982459831929004 -0.000004582829134 +1.389146256419991 -0.000000389683107 +1.982468679518400 +0.000000000000000 +1.389147008740451 +0.000000000000000 +1.389147008740451 +0.000000000000000 +1.982468679518400 +0.000000000000000
 24  15 +0.950000000000000 +0.175000000000000 +0.060000000000000 +0.648867190478499 +165.200592749487839 +1.982459819027345 -0.000004557834932 +1.389146255322948 -0.000000387557822 +1.982468679518400 +0.000000000000000 +1.389147008740451 +0.000000000000000 +1.389147008740451 +0.000000000000000 +1.982468679518400 +0.000000000000000
 24  16 +0.950000000000000 +0.183333333333333 +0.060000000000000 +0.653875333557632 +157.801513521125798 +1.982459806260520 -0.000004532930133 +1.389146254237371 -0.000000385440139 +1.982468679518400 +0.000000000000000 +1.389147008740451 +0.000000000000000 +1.389147008740451 +0.000000000000000 +1.982468679518400 +0.000000000000000
 24  17 +0.950000000000000 +0.191666666666667 +0.060000000000000 +0.658638621519366 +153.854951352781910 +1.982459793628170 -0.000004508116660 +1.389146253163228 -0.000000383330221 +1.982468679518400 +0.000000000000000 +1.389147008740451 +0.000000000000000 +1.389147008740451 +0.000000000000000 +1.982468679518400 +0.000000000000000
 24  18 +0.950000000000000 +0.200000000000000 +0.060000000000000 +0.663170050108631 +143.978914137080011 +1.982459781129906 -0.000004483396391 +1.389146252100486 -0.000000381228229 +1.982468679518400 +0.000000000000000 +1.389147008740451 +0.000000000000000 +1.389147008740451 +0.000000000000000 +1.982468679518400 +0.000000000000000
 24  19 +0.950000000000000 +0.208333333333333 +0.060000000000000 +0.667431125210802 +143.315560338470107 +1.982459768765301 -0.000004458771154 +1.389146251049110 -0.000000379134317 +1.982468679518400 +0.000000000000000 +1.389147008740451 +0.000000000000000 +1.389147008740451 +0.000000000000000 +1.982468679518400 +0.000000000000000
 24  20 +0.950000000000000 +0.216666666666667 +0.060000000000000 +0.671491587607735 +137.302853532850122 +1.982459756533900 -0.000004434242733 +1.389146250009060 -0.000000377048638 +1.982468679518400 +0.000000000000000 +1.389147008740451 +0.000000000000000 +1.389147008740451 +0.000000000000000 +1.982468679518400 +0.000000000000000
 24  21 +0.950000000000000 +0.225000000000000 +0.060000000000000 +0.674621480196116 +133.164828479714345 +1.982459744435215 -0.000004409812861 +1.389146248980295 -0.000000374971339 +1.982468679518400 +0.000000000000000 +1.389147008740451 +0.000000000000000 +1.389147008740451 +0.000000000000000 +1.982468679518400 +0.000000000000000
 24  22 +0.950000000000000 +0.233333333333333 +0.060000000000000 +0.674259303116571 +132.298604543323535 +1.982459732468725 -0.000004385483225 +1.389146247962771 -0.000000372902562 +1.982468679518400 +0.000000000000000 +1.389147008740451 +0.000000000000000 +1.389147008740451 +0.000000000000000 +1.982468679518400 +0.000000000000000
 24  23 +0.950000000000000 +0.241666666666667 +0.060000000000000 +0.673912195895547 +125.680497012063469 +1.982459720633882 -0.000004361255461 +1.389146246956442 -0.000000370842448 +1.982468679518400 +0.000000000000000 +1.389147008740451 +0.000000000000000 +1.389147008740451 +0.000000000000000 +1.982468679518400 +0.000000000000000
 24  24 +0.950000000000000 +0.250000000000000 +0.060000000000000 +0.673580435003446 +122.335313856544701 +1.982459708930108 -0.000004337131158 +1.389146245961256 -0.000000368791132 +1.982468679518400 +0.000000000000000 +1.389147008740451 +0.000000000000000 +1.389147008740451 +0.000000000000000 +1.982468679518400 +0.000000000000000
