# i   j  Gamma              Lambda             paramK             distTrajToEq       integrationTime      startPtfi1         startPtV1          startPtfi2         startPtV2          sadfocPtfi1        sadfocPtV1         sadfocPtfi2        sadfocPtV2         saddlePtfi1        saddlePtV1         saddlePtfi2        saddlePtV2
# 0   1  2                  3                  4                  5                  6                    7                  8                  9                  10                 11                 12                 13                 14                 15                 16                 17                 18
  6   1 +0.428571428571429 +0.071428571428571 +0.300000000000000 +1.499159776926689 +411.528522468613005 +2.950842063268262 -0.000007209428968 +0.730918886577214 +0.000000749124407 +2.950848915710127 +0.000000000000000 +0.730918174546973 +0.000000000000000 +0.730918174546973 +0.000000000000000 +2.950848915710127 +0.000000000000000
  7   1 +0.500000000000000 +0.071428571428571 +0.300000000000000 +1.388432888010442 +407.190279153949916 +2.908215060845822 -0.000007123098545 +0.876872322512572 +0.000000585034472 +2.908222031600456 +0.000000000000000 +0.876871749990413 +0.000000000000000 +0.876871749990413 +0.000000000000000 +2.908222031600456 +0.000000000000000
  8   1 +0.571428571428571 +0.071428571428571 +0.300000000000000 +1.250777852151780 +407.662703140676115 +2.857267798801797 -0.000007001904564 +1.039903222470362 +0.000000348833483 +2.857274921002703 +0.000000000000000 +1.039902867643739 +0.000000000000000 +1.039902867643739 +0.000000000000000 +2.857274921002703 +0.000000000000000
  9   1 +0.642857142857143 +0.071428571428571 +0.300000000000000 +1.114913401889456 +400.659058880386340 +2.791611901123649 -0.000006820219549 +1.231056334549991 -0.000000016452510 +2.791619214400848 +0.000000000000000 +1.231056352191911 +0.000000000000000 +1.231056352191911 +0.000000000000000 +2.791619214400848 +0.000000000000000
  9   2 +0.642857142857143 +0.142857142857143 +0.300000000000000 +1.412123345491550 +206.577642641164346 +2.791611777193135 -0.000006684860471 +1.231056334251032 -0.000000016125982 +2.791619214400848 +0.000000000000000 +1.231056352191911 +0.000000000000000 +1.231056352191911 +0.000000000000000 +2.791619214400848 +0.000000000000000
 10   1 +0.714285714285714 +0.071428571428571 +0.300000000000000 +0.988989588419429 +403.348570119255555 +2.693848192264532 -0.000006502762457 +1.477432628418261 -0.000000673284839 +2.693855719112026 +0.000000000000000 +1.477433407735103 +0.000000000000000 +1.477433407735103 +0.000000000000000 +2.693855719112026 +0.000000000000000
 10   2 +0.714285714285714 +0.142857142857143 +0.300000000000000 +1.299420217950049 +208.155353879175067 +2.693848066540752 -0.000006354329680 +1.477432615401037 -0.000000657916365 +2.693855719112026 +0.000000000000000 +1.477433407735103 +0.000000000000000 +1.477433407735103 +0.000000000000000 +2.693855719112026 +0.000000000000000
 10   3 +0.714285714285714 +0.214285714285714 +0.300000000000000 +1.493747394393801 +143.812253820471483 +2.693847944999812 -0.000006205040859 +1.477432602816897 -0.000000642459257 +2.693855719112026 +0.000000000000000 +1.477433407735103 +0.000000000000000 +1.477433407735103 +0.000000000000000 +2.693855719112026 +0.000000000000000
 10   4 +0.714285714285714 +0.285714285714286 +0.300000000000000 +1.487137698853773 +111.996814766123975 +2.693847827930828 -0.000006055461344 +1.477432590695776 -0.000000626972051 +2.693855719112026 +0.000000000000000 +1.477433407735103 +0.000000000000000 +1.477433407735103 +0.000000000000000 +2.693855719112026 +0.000000000000000
 10   5 +0.714285714285714 +0.357142857142857 +0.300000000000000 +1.480878611386562 +93.131930772043731 +2.693847715562220 -0.000005906144535 +1.477432579061323 -0.000000611512046 +2.693855719112026 +0.000000000000000 +1.477433407735103 +0.000000000000000 +1.477433407735103 +0.000000000000000 +2.693855719112026 +0.000000000000000
 10   6 +0.714285714285714 +0.428571428571429 +0.300000000000000 +1.475018108994630 +80.387829929421457 +2.693847608061001 -0.000005757621388 +1.477432567930832 -0.000000596134215 +2.693855719112026 +0.000000000000000 +1.477433407735103 +0.000000000000000 +1.477433407735103 +0.000000000000000 +2.693855719112026 +0.000000000000000
 10   7 +0.714285714285714 +0.500000000000000 +0.300000000000000 +1.469540082806936 +71.476769099136632 +2.693847505534098 -0.000005610391288 +1.477432557315373 -0.000000580890263 +2.693855719112026 +0.000000000000000 +1.477433407735103 +0.000000000000000 +1.477433407735103 +0.000000000000000 +2.693855719112026 +0.000000000000000
 10   8 +0.714285714285714 +0.571428571428571 +0.300000000000000 +1.464523911717297 +65.154061497893323 +2.693847408031408 -0.000005464914614 +1.477432547220112 -0.000000565827859 +2.693855719112026 +0.000000000000000 +1.477433407735103 +0.000000000000000 +1.477433407735103 +0.000000000000000 +2.693855719112026 +0.000000000000000
 10   8 +0.714285714285714 +0.571428571428571 +0.300000000000000 +1.429519368876637 +2000.000000000000000 +2.693864030192645 +0.000005464914614 +1.477434268250094 +0.000000565827859 +2.693855719112026 +0.000000000000000 +1.477433407735103 +0.000000000000000 +1.477433407735103 +0.000000000000000 +2.693855719112026 +0.000000000000000
 10   9 +0.714285714285714 +0.642857142857143 +0.300000000000000 +1.459889367424464 +61.198230879977288 +2.693847315550271 -0.000005321607145 +1.477432537644774 -0.000000550990050 +2.693855719112026 +0.000000000000000 +1.477433407735103 +0.000000000000000 +1.477433407735103 +0.000000000000000 +2.693855719112026 +0.000000000000000
 10  10 +0.714285714285714 +0.714285714285714 +0.300000000000000 +1.455724396321721 +58.370661461977562 +2.693847228040990 -0.000005180836365 +1.477432528584214 -0.000000536414885 +2.693855719112026 +0.000000000000000 +1.477433407735103 +0.000000000000000 +1.477433407735103 +0.000000000000000 +2.693855719112026 +0.000000000000000
 10  11 +0.714285714285714 +0.785714285714286 +0.300000000000000 +1.451920677190365 +55.315331789057794 +2.693847145412999 -0.000005042919568 +1.477432520029054 -0.000000522135218 +2.693855719112026 +0.000000000000000 +1.477433407735103 +0.000000000000000 +1.477433407735103 +0.000000000000000 +2.693855719112026 +0.000000000000000
 10  12 +0.714285714285714 +0.857142857142857 +0.300000000000000 +1.448493592721770 +53.501244430663512 +2.693847067541329 -0.000004908123598 +1.477432511966355 -0.000000508178675 +2.693855719112026 +0.000000000000000 +1.477433407735103 +0.000000000000000 +1.477433407735103 +0.000000000000000 +2.693855719112026 +0.000000000000000
 11   1 +0.785714285714286 +0.071428571428571 +0.300000000000000 +0.748019107062323 +398.251742601946034 +2.461621193519958 -0.000005524239568 +1.911067588005489 -0.000002519964141 +2.461628422511121 +0.000000000000000 +1.911070885617456 +0.000000000000000 +1.911070885617456 +0.000000000000000 +2.461628422511121 +0.000000000000000
 11   1 +0.785714285714286 +0.071428571428571 +0.300000000000000 +0.778608715505890 +2000.000000000000000 +2.461635651502284 +0.000005524239568 +1.911074183229423 +0.000002519964141 +2.461628422511121 +0.000000000000000 +1.911070885617456 +0.000000000000000 +1.911070885617456 +0.000000000000000 +2.461628422511121 +0.000000000000000
 11   2 +0.785714285714286 +0.142857142857143 +0.300000000000000 +0.747039706717624 +206.565027740953440 +2.461621077072499 -0.000005368432498 +1.911067534886246 -0.000002448890426 +2.461628422511121 +0.000000000000000 +1.911070885617456 +0.000000000000000 +1.911070885617456 +0.000000000000000 +2.461628422511121 +0.000000000000000
 11   2 +0.785714285714286 +0.142857142857143 +0.300000000000000 +0.778608760285541 +2000.000000000000000 +2.461635767949743 +0.000005368432498 +1.911074236348665 +0.000002448890426 +2.461628422511121 +0.000000000000000 +1.911070885617456 +0.000000000000000 +1.911070885617456 +0.000000000000000 +2.461628422511121 +0.000000000000000
 11   3 +0.785714285714286 +0.214285714285714 +0.300000000000000 +0.746096663045812 +143.529575104883349 +2.461620965911532 -0.000005212931863 +1.911067484178516 -0.000002377956496 +2.461628422511121 +0.000000000000000 +1.911070885617456 +0.000000000000000 +1.911070885617456 +0.000000000000000 +2.461628422511121 +0.000000000000000
 11   3 +0.785714285714286 +0.214285714285714 +0.300000000000000 +0.778608803032278 +2000.000000000000000 +2.461635879110710 +0.000005212931863 +1.911074287056395 +0.000002377956496 +2.461628422511121 +0.000000000000000 +1.911070885617456 +0.000000000000000 +1.911070885617456 +0.000000000000000 +2.461628422511121 +0.000000000000000
 11   4 +0.785714285714286 +0.285714285714286 +0.300000000000000 +0.745194638823055 +112.625897293206791 +2.461620860257838 -0.000005058444556 +1.911067435983010 -0.000002307484810 +2.461628422511121 +0.000000000000000 +1.911070885617456 +0.000000000000000 +1.911070885617456 +0.000000000000000 +2.461628422511121 +0.000000000000000
 11   4 +0.785714285714286 +0.285714285714286 +0.300000000000000 +0.778608843661202 +2000.000000000000000 +2.461635984764404 +0.000005058444556 +1.911074335251901 +0.000002307484810 +2.461628422511121 +0.000000000000000 +1.911070885617456 +0.000000000000000 +1.911070885617456 +0.000000000000000 +2.461628422511121 +0.000000000000000
 11   5 +0.785714285714286 +0.357142857142857 +0.300000000000000 +0.744337277300571 +93.828192427353599 +2.461620760247192 -0.000004905634264 +1.911067390361665 -0.000002237778120 +2.461628422511121 +0.000000000000000 +1.911070885617456 +0.000000000000000 +1.911070885617456 +0.000000000000000 +2.461628422511121 +0.000000000000000
 11   5 +0.785714285714286 +0.357142857142857 +0.300000000000000 +0.778608882120100 +2000.000000000000000 +2.461636084775050 +0.000004905634264 +1.911074380873246 +0.000002237778120 +2.461628422511121 +0.000000000000000 +1.911070885617456 +0.000000000000000 +1.911070885617456 +0.000000000000000 +2.461628422511121 +0.000000000000000
