# i   j  Gamma              Lambda             paramK             distTrajToEq       integrationTime      startPtfi1         startPtV1          startPtfi2         startPtV2          sadfocPtfi1        sadfocPtV1         sadfocPtfi2        sadfocPtV2         saddlePtfi1        saddlePtV1         saddlePtfi2        saddlePtV2
# 0   1  2                  3                  4                  5                  6                    7                  8                  9                  10                 11                 12                 13                 14                 15                 16                 17                 18
  1   1 +0.071428571428571 +0.071428571428571 +0.500000000000000 +1.485688839206539 +418.849940762472329 +3.141586514015857 -0.000007563471616 +0.143348986864074 +0.000001777254822 +3.141592642744485 +0.000000000000000 +0.143347546743312 +0.000000000000000 +0.143347546743312 +0.000000000000000 +3.141592642744485 +0.000000000000000
  1   1 +0.071428571428571 +0.071428571428571 +0.500000000000000 +1.454552748908975 +2000.000000000000000 +3.141598771473114 +0.000007563471616 +0.143346106622550 -0.000001777254822 +3.141592642744485 +0.000000000000000 +0.143347546743312 +0.000000000000000 +0.143347546743312 +0.000000000000000 +3.141592642744485 +0.000000000000000
  2   1 +0.142857142857143 +0.071428571428571 +0.500000000000000 +1.416963235854049 +417.525331603107020 +3.141586397660140 -0.000007548861082 +0.289752835052022 +0.000001748005988 +3.141592556037995 +0.000000000000000 +0.289751409024804 +0.000000000000000 +0.289751409024804 +0.000000000000000 +3.141592556037995 +0.000000000000000
  2   1 +0.142857142857143 +0.071428571428571 +0.500000000000000 +1.312850801013898 +2000.000000000000000 +3.141598714415851 +0.000007548861082 +0.289749982997585 -0.000001748005988 +3.141592556037995 +0.000000000000000 +0.289751409024804 +0.000000000000000 +0.289751409024804 +0.000000000000000 +3.141592556037995 +0.000000000000000
  3   1 +0.214285714285714 +0.071428571428571 +0.500000000000000 +1.347765296613953 +416.195328151059414 +3.141586445213980 -0.000007522826560 +0.442912497677307 +0.000001694759097 +3.141592656253241 +0.000000000000000 +0.442911098440570 +0.000000000000000 +0.442911098440570 +0.000000000000000 +3.141592656253241 +0.000000000000000
  4   1 +0.285714285714286 +0.071428571428571 +0.500000000000000 +1.282598573396357 +415.507497827889779 +3.141586321601137 -0.000007482073693 +0.608246908218009 +0.000001608340289 +3.141592614606123 +0.000000000000000 +0.608245555478932 +0.000000000000000 +0.608245555478932 +0.000000000000000 +3.141592614606123 +0.000000000000000
  5   1 +0.357142857142857 +0.071428571428571 +0.500000000000000 +1.227485881756421 +413.927581451311823 +3.141585975621619 -0.000007419455488 +0.795603690609384 +0.000001467588956 +3.141592393285212 +0.000000000000000 +0.795602421177654 +0.000000000000000 +0.795602421177654 +0.000000000000000 +3.141592393285212 +0.000000000000000
  6   1 +0.428571428571429 +0.071428571428571 +0.500000000000000 +0.000011541571599 +419.282701845233419 +2.698678777132080 -0.000004774754080 +2.698674702343696 -0.000004774745741 +2.698683992667604 +0.000000000000000 +2.698679917870111 +0.000000000000000 +2.698679917870111 +0.000000000000000 +2.698683992667604 +0.000000000000000
  6   1 +0.428571428571429 +0.071428571428571 +0.500000000000000 +0.000011541578031 +2000.000000000000000 +2.698689208203127 +0.000004774754080 +2.698685133396526 +0.000004774745741 +2.698683992667604 +0.000000000000000 +2.698679917870111 +0.000000000000000 +2.698679917870111 +0.000000000000000 +2.698683992667604 +0.000000000000000
  6   1 +0.428571428571429 +0.071428571428571 +0.500000000000000 +1.194032330591809 +2000.000000000000000 +3.141586050503815 -0.000007315468267 +1.029698004238408 +0.000001209520312 +3.141592670399509 +0.000000000000000 +1.029696909722239 +0.000000000000000 +1.029696909722239 +0.000000000000000 +3.141592670399509 +0.000000000000000
  6   2 +0.428571428571429 +0.142857142857143 +0.500000000000000 +0.000011541571545 +214.929102405308839 +2.698678689006251 -0.000004676672276 +2.698674614218020 -0.000004676664109 +2.698683992667604 +0.000000000000000 +2.698679917870111 +0.000000000000000 +2.698679917870111 +0.000000000000000 +2.698683992667604 +0.000000000000000
  6   2 +0.428571428571429 +0.142857142857143 +0.500000000000000 +0.000011541578085 +2000.000000000000000 +2.698689296328956 +0.000004676672276 +2.698685221522201 +0.000004676664109 +2.698683992667604 +0.000000000000000 +2.698679917870111 +0.000000000000000 +2.698679917870111 +0.000000000000000 +2.698683992667604 +0.000000000000000
  6   3 +0.428571428571429 +0.214285714285714 +0.500000000000000 +0.000011541571492 +148.730839188768186 +2.698678603361597 -0.000004577714286 +2.698674528573516 -0.000004577706292 +2.698683992667604 +0.000000000000000 +2.698679917870111 +0.000000000000000 +2.698679917870111 +0.000000000000000 +2.698683992667604 +0.000000000000000
  6   3 +0.428571428571429 +0.214285714285714 +0.500000000000000 +0.000011541578138 +2000.000000000000000 +2.698689381973610 +0.000004577714286 +2.698685307166706 +0.000004577706292 +2.698683992667604 +0.000000000000000 +2.698679917870111 +0.000000000000000 +2.698679917870111 +0.000000000000000 +2.698683992667604 +0.000000000000000
  6   4 +0.428571428571429 +0.285714285714286 +0.500000000000000 +0.000011541571441 +115.918243413300871 +2.698678520405236 -0.000004478217491 +2.698674445617300 -0.000004478209670 +2.698683992667604 +0.000000000000000 +2.698679917870111 +0.000000000000000 +2.698679917870111 +0.000000000000000 +2.698683992667604 +0.000000000000000
  6   4 +0.428571428571429 +0.285714285714286 +0.500000000000000 +0.000011541578189 +2000.000000000000000 +2.698689464929971 +0.000004478217491 +2.698685390122922 +0.000004478209670 +2.698683992667604 +0.000000000000000 +2.698679917870111 +0.000000000000000 +2.698679917870111 +0.000000000000000 +2.698683992667604 +0.000000000000000
  6   5 +0.428571428571429 +0.357142857142857 +0.500000000000000 +0.000011541571392 +95.101191804197569 +2.698678440310474 -0.000004378517743 +2.698674365522678 -0.000004378510097 +2.698683992667604 +0.000000000000000 +2.698679917870111 +0.000000000000000 +2.698679917870111 +0.000000000000000 +2.698683992667604 +0.000000000000000
  6   5 +0.428571428571429 +0.357142857142857 +0.500000000000000 +0.000011541578238 +2000.000000000000000 +2.698689545024733 +0.000004378517743 +2.698685470217544 +0.000004378510097 +2.698683992667604 +0.000000000000000 +2.698679917870111 +0.000000000000000 +2.698679917870111 +0.000000000000000 +2.698683992667604 +0.000000000000000
  6   6 +0.428571428571429 +0.428571428571429 +0.500000000000000 +0.000011541571344 +82.356168490620192 +2.698678363215498 -0.000004278943363 +2.698674288427836 -0.000004278935891 +2.698683992667604 +0.000000000000000 +2.698679917870111 +0.000000000000000 +2.698679917870111 +0.000000000000000 +2.698683992667604 +0.000000000000000
  6   6 +0.428571428571429 +0.428571428571429 +0.500000000000000 +0.000011541578286 +2000.000000000000000 +2.698689622119709 +0.000004278943363 +2.698685547312386 +0.000004278935891 +2.698683992667604 +0.000000000000000 +2.698679917870111 +0.000000000000000 +2.698679917870111 +0.000000000000000 +2.698683992667604 +0.000000000000000
  6   7 +0.428571428571429 +0.500000000000000 +0.500000000000000 +0.000011541571299 +73.351654605221611 +2.698678289223166 -0.000004179809669 +2.698674214435634 -0.000004179802370 +2.698683992667604 +0.000000000000000 +2.698679917870111 +0.000000000000000 +2.698679917870111 +0.000000000000000 +2.698683992667604 +0.000000000000000
  6   7 +0.428571428571429 +0.500000000000000 +0.500000000000000 +0.000011541578332 +2000.000000000000000 +2.698689696112041 +0.000004179809669 +2.698685621304588 +0.000004179802370 +2.698683992667604 +0.000000000000000 +2.698679917870111 +0.000000000000000 +2.698679917870111 +0.000000000000000 +2.698683992667604 +0.000000000000000
  6   8 +0.428571428571429 +0.571428571428571 +0.500000000000000 +0.000011541571255 +67.294032198972829 +2.698678218401830 -0.000004081414227 +2.698674143614421 -0.000004081407099 +2.698683992667604 +0.000000000000000 +2.698679917870111 +0.000000000000000 +2.698679917870111 +0.000000000000000 +2.698683992667604 +0.000000000000000
  6   8 +0.428571428571429 +0.571428571428571 +0.500000000000000 +0.000011541578375 +2000.000000000000000 +2.698689766933377 +0.000004081414227 +2.698685692125801 +0.000004081407099 +2.698683992667604 +0.000000000000000 +2.698679917870111 +0.000000000000000 +2.698679917870111 +0.000000000000000 +2.698683992667604 +0.000000000000000
