# i   j  Gamma              Lambda             paramK             distTrajToEq       integrationTime      startPtfi1         startPtV1          startPtfi2         startPtV2          sadfocPtfi1        sadfocPtV1         sadfocPtfi2        sadfocPtV2         saddlePtfi1        saddlePtV1         saddlePtfi2        saddlePtV2
# 0   1  2                  3                  4                  5                  6                    7                  8                  9                  10                 11                 12                 13                 14                 15                 16                 17                 18
  0   0 +0.700000000000000 +0.700000000000000 +0.060000000000000 +1.629390936969107 +1000.000000000000000 +2.447096394756231 +0.000005108706368 +0.863305312936992 -0.000000002806483 +2.447087798181968 +0.000000000000000 +0.863305317659546 +0.000000000000000 +0.863305317659546 +0.000000000000000 +2.447087798181968 +0.000000000000000
  0   0 +0.700000000000000 +0.700000000000000 +0.060000000000000 +1.657902992753993 +58.278790332402728 +2.447079201607705 -0.000005108706368 +0.863305322382099 +0.000000002806483 +2.447087798181968 +0.000000000000000 +0.863305317659546 +0.000000000000000 +0.863305317659546 +0.000000000000000 +2.447087798181968 +0.000000000000000
  0   1 +0.700000000000000 +0.800000000000000 +0.060000000000000 +1.629263223953668 +1000.000000000000000 +2.447096508629318 +0.000004912033874 +0.863305312874436 -0.000000002698440 +2.447087798181968 +0.000000000000000 +0.863305317659546 +0.000000000000000 +0.863305317659546 +0.000000000000000 +2.447087798181968 +0.000000000000000
  0   1 +0.700000000000000 +0.800000000000000 +0.060000000000000 +1.651267599312793 +53.844665951617067 +2.447079087734618 -0.000004912033874 +0.863305322444655 +0.000000002698440 +2.447087798181968 +0.000000000000000 +0.863305317659546 +0.000000000000000 +0.863305317659546 +0.000000000000000 +2.447087798181968 +0.000000000000000
  0   2 +0.700000000000000 +0.900000000000000 +0.060000000000000 +1.636493376142363 +1000.000000000000000 +2.447096612947557 +0.000004722274604 +0.863305312817128 -0.000000002594195 +2.447087798181968 +0.000000000000000 +0.863305317659546 +0.000000000000000 +0.863305317659546 +0.000000000000000 +2.447087798181968 +0.000000000000000
  0   2 +0.700000000000000 +0.900000000000000 +0.060000000000000 +1.646685138296939 +51.574017002276506 +2.447078983416380 -0.000004722274604 +0.863305322501963 +0.000000002594195 +2.447087798181968 +0.000000000000000 +0.863305317659546 +0.000000000000000 +0.863305317659546 +0.000000000000000 +2.447087798181968 +0.000000000000000
  1   0 +0.800000000000000 +0.700000000000000 +0.060000000000000 +1.353641434174872 +1000.000000000000000 +2.304634189586752 +0.000004684602466 +1.030166486361235 +0.000000069285765 +2.304625355978780 +0.000000000000000 +1.030166355711241 +0.000000000000000 +1.030166355711241 +0.000000000000000 +2.304625355978780 +0.000000000000000
  1   0 +0.800000000000000 +0.700000000000000 +0.060000000000000 +1.350708364061422 +61.326693504377040 +2.304616522370808 -0.000004684602466 +1.030166225061246 -0.000000069285765 +2.304625355978780 +0.000000000000000 +1.030166355711241 +0.000000000000000 +1.030166355711241 +0.000000000000000 +2.304625355978780 +0.000000000000000
  1   1 +0.800000000000000 +0.800000000000000 +0.060000000000000 +1.328364175071754 +1000.000000000000000 +2.304634294392525 +0.000004481393733 +1.030166487911324 +0.000000066280287 +2.304625355978780 +0.000000000000000 +1.030166355711241 +0.000000000000000 +1.030166355711241 +0.000000000000000 +2.304625355978780 +0.000000000000000
  1   1 +0.800000000000000 +0.800000000000000 +0.060000000000000 +1.346445651074225 +55.288956322852705 +2.304616417565035 -0.000004481393733 +1.030166223511157 -0.000000066280287 +2.304625355978780 +0.000000000000000 +1.030166355711241 +0.000000000000000 +1.030166355711241 +0.000000000000000 +2.304625355978780 +0.000000000000000
  1   2 +0.800000000000000 +0.900000000000000 +0.060000000000000 +1.336220160614787 +1000.000000000000000 +2.304634389031820 +0.000004287433129 +1.030166489311049 +0.000000063411589 +2.304625355978780 +0.000000000000000 +1.030166355711241 +0.000000000000000 +1.030166355711241 +0.000000000000000 +2.304625355978780 +0.000000000000000
  1   2 +0.800000000000000 +0.900000000000000 +0.060000000000000 +1.343528715166761 +1000.000000000000000 +2.304616322925740 -0.000004287433129 +1.030166222111432 -0.000000063411589 +2.304625355978780 +0.000000000000000 +1.030166355711241 +0.000000000000000 +1.030166355711241 +0.000000000000000 +2.304625355978780 +0.000000000000000
  2   0 +0.900000000000000 +0.700000000000000 +0.060000000000000 +0.952271960920184 +62.365002662728230 +2.118217074956671 -0.000003936142986 +1.241081809855761 -0.000000178478931 +2.118226256546727 +0.000000000000000 +1.241082226182196 +0.000000000000000 +1.241082226182196 +0.000000000000000 +2.118226256546727 +0.000000000000000
  2   0 +0.900000000000000 +0.700000000000000 +0.060000000000000 +1.240475181898288 +1000.000000000000000 +2.118235438136784 +0.000003936142986 +1.241082642508630 +0.000000178478931 +2.118226256546727 +0.000000000000000 +1.241082226182196 +0.000000000000000 +1.241082226182196 +0.000000000000000 +2.118226256546727 +0.000000000000000
  2   1 +0.900000000000000 +0.800000000000000 +0.060000000000000 +0.950503586442437 +62.111132091097957 +2.118216989053852 -0.000003729395848 +1.241081805960618 -0.000000169104269 +2.118226256546727 +0.000000000000000 +1.241082226182196 +0.000000000000000 +1.241082226182196 +0.000000000000000 +2.118226256546727 +0.000000000000000
  2   1 +0.900000000000000 +0.800000000000000 +0.060000000000000 +1.240475239886180 +1000.000000000000000 +2.118235524039602 +0.000003729395848 +1.241082646403774 +0.000000169104269 +2.118226256546727 +0.000000000000000 +1.241082226182196 +0.000000000000000 +1.241082226182196 +0.000000000000000 +2.118226256546727 +0.000000000000000
  2   2 +0.900000000000000 +0.900000000000000 +0.060000000000000 +0.949320391701336 +58.666281953347315 +2.118216913586992 -0.000003536088370 +1.241081802538678 -0.000000160339010 +2.118226256546727 +0.000000000000000 +1.241082226182196 +0.000000000000000 +1.241082226182196 +0.000000000000000 +2.118226256546727 +0.000000000000000
  2   2 +0.900000000000000 +0.900000000000000 +0.060000000000000 +0.944389698412015 +1000.000000000000000 +2.118235599506463 +0.000003536088370 +1.241082649825713 +0.000000160339010 +2.118226256546727 +0.000000000000000 +1.241082226182196 +0.000000000000000 +1.241082226182196 +0.000000000000000 +2.118226256546727 +0.000000000000000
