# i   j  Gamma              Lambda             paramK             distTrajToEq       integrationTime      startPtfi1         startPtV1          startPtfi2         startPtV2          sadfocPtfi1        sadfocPtV1         sadfocPtfi2        sadfocPtV2         saddlePtfi1        saddlePtV1         saddlePtfi2        saddlePtV2
# 0   1  2                  3                  4                  5                  6                    7                  8                  9                  10                 11                 12                 13                 14                 15                 16                 17                 18
  0   0 +0.260000000000000 +0.010000000000000 +0.060000000000000 +2.061279762294903 +2000.000000000000000 +2.909652406134112 -0.000007097232760 +0.294373948179237 +0.000000190621667 +2.909659445821660 +0.000000000000000 +0.294373759103153 +0.000000000000000 +0.294373759103153 +0.000000000000000 +2.909659445821660 +0.000000000000000
  0   1 +0.260000000000000 +0.020000000000000 +0.060000000000000 +2.099692039202838 +1436.122049775427740 +2.909652388643776 -0.000007079841378 +0.294373948649002 +0.000000190154559 +2.909659445821660 +0.000000000000000 +0.294373759103153 +0.000000000000000 +0.294373759103153 +0.000000000000000 +2.909659445821660 +0.000000000000000
  1   0 +0.262000000000000 +0.010000000000000 +0.060000000000000 +2.054593745645834 +2000.000000000000000 +2.907818253161990 -0.000007096286171 +0.296690053019647 +0.000000190243752 +2.907825293822640 +0.000000000000000 +0.296689864267155 +0.000000000000000 +0.296689864267155 +0.000000000000000 +2.907825293822640 +0.000000000000000
  1   1 +0.262000000000000 +0.020000000000000 +0.060000000000000 +2.096041324616492 +1442.331832468752054 +2.907818235669245 -0.000007078887657 +0.296690053488609 +0.000000189777317 +2.907825293822640 +0.000000000000000 +0.296689864267155 +0.000000000000000 +0.296689864267155 +0.000000000000000 +2.907825293822640 +0.000000000000000
  2   0 +0.264000000000000 +0.010000000000000 +0.060000000000000 +2.048060354410631 +2000.000000000000000 +2.905982219621182 -0.000007095330905 +0.299005893406102 +0.000000189862701 +2.905989261263542 +0.000000000000000 +0.299005704980043 +0.000000000000000 +0.299005704980043 +0.000000000000000 +2.905989261263542 +0.000000000000000
  2   1 +0.264000000000000 +0.020000000000000 +0.060000000000000 +2.092251618672585 +1443.327137722113321 +2.905982202126009 -0.000007077925195 +0.299005893874252 +0.000000189396945 +2.905989261263542 +0.000000000000000 +0.299005704980043 +0.000000000000000 +0.299005704980043 +0.000000000000000 +2.905989261263542 +0.000000000000000
  3   0 +0.266000000000000 +0.010000000000000 +0.060000000000000 +2.041648901742902 +2000.000000000000000 +2.904145481954745 -0.000007094367352 +0.301323728323954 +0.000000189478438 +2.904152524587026 +0.000000000000000 +0.301323540227271 +0.000000000000000 +0.301323540227271 +0.000000000000000 +2.904152524587026 +0.000000000000000
  3   1 +0.266000000000000 +0.020000000000000 +0.060000000000000 +2.088572826505362 +1448.539505818008138 +2.904145464457124 -0.000007076954382 +0.301323728791286 +0.000000189013368 +2.904152524587026 +0.000000000000000 +0.301323540227271 +0.000000000000000 +0.301323540227271 +0.000000000000000 +2.904152524587026 +0.000000000000000
  4   0 +0.268000000000000 +0.010000000000000 +0.060000000000000 +2.035370171077218 +2000.000000000000000 +2.902307210605980 -0.000007093395136 +0.303643004221807 +0.000000189090920 +2.902314254236764 +0.000000000000000 +0.303642816457471 +0.000000000000000 +0.303642816457471 +0.000000000000000 +2.902314254236764 +0.000000000000000
  4   1 +0.268000000000000 +0.020000000000000 +0.060000000000000 +2.084892007811207 +1448.695755098107384 +2.902307193105891 -0.000007075974843 +0.303643004688313 +0.000000188626542 +2.902314254236764 +0.000000000000000 +0.303642816457471 +0.000000000000000 +0.303642816457471 +0.000000000000000 +2.902314254236764 +0.000000000000000
  5   0 +0.270000000000000 +0.010000000000000 +0.060000000000000 +2.029231523820038 +2000.000000000000000 +2.900467863631638 -0.000007092414469 +0.305963254517609 +0.000000188700228 +2.900474908269284 +0.000000000000000 +0.305963067088528 +0.000000000000000 +0.305963067088528 +0.000000000000000 +2.900474908269284 +0.000000000000000
  5   1 +0.270000000000000 +0.020000000000000 +0.060000000000000 +2.081191197987192 +1448.847581646683693 +2.900467846129062 -0.000007074986788 +0.305963254983281 +0.000000188236548 +2.900474908269284 +0.000000000000000 +0.305963067088528 +0.000000000000000 +0.305963067088528 +0.000000000000000 +2.900474908269284 +0.000000000000000
  6   0 +0.272000000000000 +0.010000000000000 +0.060000000000000 +2.023192511429247 +2000.000000000000000 +2.898627077570700 -0.000007091425107 +0.308285402569316 +0.000000188306238 +2.898634123223810 +0.000000000000000 +0.308285215478511 +0.000000000000000 +0.308285215478511 +0.000000000000000 +2.898634123223810 +0.000000000000000
  6   1 +0.272000000000000 +0.020000000000000 +0.060000000000000 +2.077615266985744 +1434.736959446185665 +2.898627060065618 -0.000007073989973 +0.308285403034147 +0.000000187843264 +2.898634123223810 +0.000000000000000 +0.308285215478511 +0.000000000000000 +0.308285215478511 +0.000000000000000 +2.898634123223810 +0.000000000000000
  7   0 +0.274000000000000 +0.010000000000000 +0.060000000000000 +2.017177978430385 +2000.000000000000000 +2.896785289116100 -0.000007090427308 +0.310607977261535 +0.000000187909120 +2.896792335792999 +0.000000000000000 +0.310607790511880 +0.000000000000000 +0.310607790511880 +0.000000000000000 +2.896792335792999 +0.000000000000000
  7   1 +0.274000000000000 +0.020000000000000 +0.060000000000000 +2.073889966156639 +1441.430190355131799 +2.896785271608492 -0.000007072984658 +0.310607977725518 +0.000000187446858 +2.896792335792999 +0.000000000000000 +0.310607790511880 +0.000000000000000 +0.310607790511880 +0.000000000000000 +2.896792335792999 +0.000000000000000
  8   0 +0.276000000000000 +0.010000000000000 +0.060000000000000 +2.011302094569251 +2000.000000000000000 +2.894942106289975 -0.000007089420796 +0.312932207675233 +0.000000187508718 +2.894949153999267 +0.000000000000000 +0.312932021269747 +0.000000000000000 +0.312932021269747 +0.000000000000000 +2.894949153999267 +0.000000000000000
  8   1 +0.276000000000000 +0.020000000000000 +0.060000000000000 +2.070320950576072 +1446.774939938539546 +2.894942088779822 -0.000007071970565 +0.312932208138361 +0.000000187047175 +2.894949153999267 +0.000000000000000 +0.312932021269747 +0.000000000000000 +0.312932021269747 +0.000000000000000 +2.894949153999267 +0.000000000000000
  9   0 +0.278000000000000 +0.010000000000000 +0.060000000000000 +2.005558049461456 +2000.000000000000000 +2.893097632881925 -0.000007088405612 +0.315257744030981 +0.000000187105070 +2.893104681632159 +0.000000000000000 +0.315257557972652 +0.000000000000000 +0.315257557972652 +0.000000000000000 +2.893104681632159 +0.000000000000000
  9   1 +0.278000000000000 +0.020000000000000 +0.060000000000000 +2.066659506886526 +1447.105421708469748 +2.893097615369206 -0.000007070947735 +0.315257744493245 +0.000000186644253 +2.893104681632159 +0.000000000000000 +0.315257557972652 +0.000000000000000 +0.315257557972652 +0.000000000000000 +2.893104681632159 +0.000000000000000
 10   0 +0.280000000000000 +0.010000000000000 +0.060000000000000 +1.999942864507251 +2000.000000000000000 +2.891251857159791 -0.000007087381725 +0.317584598147845 +0.000000186698166 +2.891258906959544 +0.000000000000000 +0.317584412439675 +0.000000000000000 +0.317584412439675 +0.000000000000000 +2.891258906959544 +0.000000000000000
 10   1 +0.280000000000000 +0.020000000000000 +0.060000000000000 +2.063072902992218 +1447.672993949882084 +2.891251839644488 -0.000007069916135 +0.317584598609239 +0.000000186238082 +2.891258906959544 +0.000000000000000 +0.317584412439675 +0.000000000000000 +0.317584412439675 +0.000000000000000 +2.891258906959544 +0.000000000000000
