# i   j  Gamma              Lambda             paramK             distTrajToEq       integrationTime      startPtfi1         startPtV1          startPtfi2         startPtV2          sadfocPtfi1        sadfocPtV1         sadfocPtfi2        sadfocPtV2         saddlePtfi1        saddlePtV1         saddlePtfi2        saddlePtV2
# 0   1  2                  3                  4                  5                  6                    7                  8                  9                  10                 11                 12                 13                 14                 15                 16                 17                 18
  1   0 +0.837500000000000 +0.050000000000000 +0.060000000000000 +0.935124007217233 +545.615320431816258 +2.242154385733093 -0.000005990439880 +1.101809588863754 -0.000000139564726 +2.242162389505967 +0.000000000000000 +1.101809775334930 +0.000000000000000 +1.101809775334930 +0.000000000000000 +2.242162389505967 +0.000000000000000
  2   0 +0.875000000000000 +0.050000000000000 +0.060000000000000 +0.809379531551118 +542.851757091693230 +2.171680305302107 -0.000005763526711 +1.181479174354895 -0.000000200493516 +2.171688469914489 +0.000000000000000 +1.181479458374026 +0.000000000000000 +1.181479458374026 +0.000000000000000 +2.171688469914489 +0.000000000000000
  2   1 +0.875000000000000 +0.100000000000000 +0.060000000000000 +0.935521908692393 +280.341198333400769 +2.171680214091769 -0.000005632097895 +1.181479171181997 -0.000000195921554 +2.171688469914489 +0.000000000000000 +1.181479458374026 +0.000000000000000 +1.181479458374026 +0.000000000000000 +2.171688469914489 +0.000000000000000
  2   2 +0.875000000000000 +0.150000000000000 +0.060000000000000 +0.991894416311127 +191.402615609794765 +2.171680126288638 -0.000005501185614 +1.181479168127625 -0.000000191367561 +2.171688469914489 +0.000000000000000 +1.181479458374026 +0.000000000000000 +1.181479458374026 +0.000000000000000 +2.171688469914489 +0.000000000000000
  3   0 +0.912500000000000 +0.050000000000000 +0.060000000000000 +0.670909615392980 +532.082128572666647 +2.088747811423973 -0.000005447320462 +1.273625444035319 -0.000000283694417 +2.088756181382437 +0.000000000000000 +1.273625879939634 +0.000000000000000 +1.273625879939634 +0.000000000000000 +2.088756181382437 +0.000000000000000
  3   1 +0.912500000000000 +0.100000000000000 +0.060000000000000 +0.787540818956604 +275.855640294870341 +2.088747721266582 -0.000005306217544 +1.273625439339956 -0.000000276345830 +2.088756181382437 +0.000000000000000 +1.273625879939634 +0.000000000000000 +1.273625879939634 +0.000000000000000 +2.088756181382437 +0.000000000000000
  3   2 +0.912500000000000 +0.150000000000000 +0.060000000000000 +0.828897135626534 +188.613422318607263 +2.088747635099479 -0.000005166290014 +1.273625434852406 -0.000000269058456 +2.088756181382437 +0.000000000000000 +1.273625879939634 +0.000000000000000 +1.273625879939634 +0.000000000000000 +2.088756181382437 +0.000000000000000
  3   3 +0.912500000000000 +0.200000000000000 +0.060000000000000 +0.857680598291104 +149.659637938133756 +2.088747552977241 -0.000005027934831 +1.273625430575510 -0.000000261852970 +2.088756181382437 +0.000000000000000 +1.273625879939634 +0.000000000000000 +1.273625879939634 +0.000000000000000 +2.088756181382437 +0.000000000000000
  3   4 +0.912500000000000 +0.250000000000000 +0.060000000000000 +0.879967080524194 +121.811146027920955 +2.088747474916977 -0.000004891519611 +1.273625426510161 -0.000000254748516 +2.088756181382437 +0.000000000000000 +1.273625879939634 +0.000000000000000 +1.273625879939634 +0.000000000000000 +2.088756181382437 +0.000000000000000
  4   0 +0.950000000000000 +0.050000000000000 +0.060000000000000 +0.495690606076396 +523.059074083180690 +1.982460026821999 -0.000004940951931 +1.389146272991961 -0.000000420134690 +1.982468679518400 +0.000000000000000 +1.389147008740451 +0.000000000000000 +1.389147008740451 +0.000000000000000 +1.982468679518400 +0.000000000000000
  4   0 +0.950000000000000 +0.050000000000000 +0.060000000000000 +0.839089151832509 +2000.000000000000000 +1.982477332214802 +0.000004940951931 +1.389147744488941 +0.000000420134690 +1.982468679518400 +0.000000000000000 +1.389147008740451 +0.000000000000000 +1.389147008740451 +0.000000000000000 +1.982468679518400 +0.000000000000000
  4   1 +0.950000000000000 +0.100000000000000 +0.060000000000000 +0.588879308606616 +269.599619779509112 +1.982459940027219 -0.000004785755415 +1.389146265611703 -0.000000406938156 +1.982468679518400 +0.000000000000000 +1.389147008740451 +0.000000000000000 +1.389147008740451 +0.000000000000000 +1.982468679518400 +0.000000000000000
  4   1 +0.950000000000000 +0.100000000000000 +0.060000000000000 +0.839089207986680 +2000.000000000000000 +1.982477419009582 +0.000004785755415 +1.389147751869198 +0.000000406938156 +1.982468679518400 +0.000000000000000 +1.389147008740451 +0.000000000000000 +1.389147008740451 +0.000000000000000 +1.982468679518400 +0.000000000000000
  4   2 +0.950000000000000 +0.150000000000000 +0.060000000000000 +0.632051051092418 +187.167391036162257 +1.982459858138071 -0.000004633077820 +1.389146258648577 -0.000000393955809 +1.982468679518400 +0.000000000000000 +1.389147008740451 +0.000000000000000 +1.389147008740451 +0.000000000000000 +1.982468679518400 +0.000000000000000
  4   2 +0.950000000000000 +0.150000000000000 +0.060000000000000 +0.839089260967019 +2000.000000000000000 +1.982477500898729 +0.000004633077820 +1.389147758832324 +0.000000393955809 +1.982468679518400 +0.000000000000000 +1.389147008740451 +0.000000000000000 +1.389147008740451 +0.000000000000000 +1.982468679518400 +0.000000000000000
  4   3 +0.950000000000000 +0.200000000000000 +0.060000000000000 +0.663170050108631 +143.978914137080011 +1.982459781129906 -0.000004483396391 +1.389146252100486 -0.000000381228229 +1.982468679518400 +0.000000000000000 +1.389147008740451 +0.000000000000000 +1.389147008740451 +0.000000000000000 +1.982468679518400 +0.000000000000000
  4   3 +0.950000000000000 +0.200000000000000 +0.060000000000000 +0.839089310789476 +2000.000000000000000 +1.982477577906895 +0.000004483396391 +1.389147765380415 +0.000000381228229 +1.982468679518400 +0.000000000000000 +1.389147008740451 +0.000000000000000 +1.389147008740451 +0.000000000000000 +1.982468679518400 +0.000000000000000
  4   4 +0.950000000000000 +0.250000000000000 +0.060000000000000 +0.673580435003446 +122.335313856544701 +1.982459708930108 -0.000004337131158 +1.389146245961256 -0.000000368791132 +1.982468679518400 +0.000000000000000 +1.389147008740451 +0.000000000000000 +1.389147008740451 +0.000000000000000 +1.982468679518400 +0.000000000000000
  4   4 +0.950000000000000 +0.250000000000000 +0.060000000000000 +0.839089357501030 +2000.000000000000000 +1.982477650106693 +0.000004337131158 +1.389147771519645 +0.000000368791132 +1.982468679518400 +0.000000000000000 +1.389147008740451 +0.000000000000000 +1.389147008740451 +0.000000000000000 +1.982468679518400 +0.000000000000000
