# i   j  Gamma              Lambda             paramK             distTrajToEq       integrationTime      startPtfi1         startPtV1          startPtfi2         startPtV2          sadfocPtfi1        sadfocPtV1         sadfocPtfi2        sadfocPtV2         saddlePtfi1        saddlePtV1         saddlePtfi2        saddlePtV2
# 0   1  2                  3                  4                  5                  6                    7                  8                  9                  10                 11                 12                 13                 14                 15                 16                 17                 18
  0   0 +0.765000000000000 +0.010000000000000 +0.060000000000000 +0.969094911034235 +2000.000000000000000 +2.357771599986798 -0.000006387253422 +0.968460932961487 -0.000000054253945 +2.357779293866137 +0.000000000000000 +0.968460998314039 +0.000000000000000 +0.968460998314039 +0.000000000000000 +2.357779293866137 +0.000000000000000
  0   1 +0.765000000000000 +0.020000000000000 +0.060000000000000 +1.049081888067756 +1356.502250612561738 +2.357771581237895 -0.000006364601414 +0.968460932802232 -0.000000054061537 +2.357779293866137 +0.000000000000000 +0.968460998314039 +0.000000000000000 +0.968460998314039 +0.000000000000000 +2.357779293866137 +0.000000000000000
  0   2 +0.765000000000000 +0.030000000000000 +0.060000000000000 +1.056595988884739 +908.434456075538264 +2.357771562578193 -0.000006341921813 +0.968460932643735 -0.000000053868894 +2.357779293866137 +0.000000000000000 +0.968460998314039 +0.000000000000000 +0.968460998314039 +0.000000000000000 +2.357779293866137 +0.000000000000000
  0   3 +0.765000000000000 +0.040000000000000 +0.060000000000000 +1.104993509201804 +688.018700451203813 +2.357771544008885 -0.000006319216576 +0.968460932486005 -0.000000053676034 +2.357779293866137 +0.000000000000000 +0.968460998314039 +0.000000000000000 +0.968460998314039 +0.000000000000000 +2.357779293866137 +0.000000000000000
  0   4 +0.765000000000000 +0.050000000000000 +0.060000000000000 +1.149094034383046 +554.331914257237827 +2.357771525531138 -0.000006296487664 +0.968460932329054 -0.000000053482972 +2.357779293866137 +0.000000000000000 +0.968460998314039 +0.000000000000000 +0.968460998314039 +0.000000000000000 +2.357779293866137 +0.000000000000000
  0   5 +0.765000000000000 +0.060000000000000 +0.060000000000000 +1.190944794927044 +460.677938420537544 +2.357771507146091 -0.000006273737043 +0.968460932172889 -0.000000053289726 +2.357779293866137 +0.000000000000000 +0.968460998314039 +0.000000000000000 +0.968460998314039 +0.000000000000000 +2.357779293866137 +0.000000000000000
  1   0 +0.766250000000000 +0.010000000000000 +0.060000000000000 +0.967069839387397 +2000.000000000000000 +2.355943755417162 -0.000006383089540 +0.970594012850972 -0.000000055521167 +2.355951452728555 +0.000000000000000 +0.970594079803457 +0.000000000000000 +0.970594079803457 +0.000000000000000 +2.355951452728555 +0.000000000000000
  1   1 +0.766250000000000 +0.020000000000000 +0.060000000000000 +1.044445288996236 +1365.434044664818657 +2.355943736663958 -0.000006360407368 +0.970594012687853 -0.000000055323873 +2.355951452728555 +0.000000000000000 +0.970594079803457 +0.000000000000000 +0.970594079803457 +0.000000000000000 +2.355951452728555 +0.000000000000000
  1   2 +0.766250000000000 +0.030000000000000 +0.060000000000000 +1.052912335448282 +916.684635642935291 +2.355943718000252 -0.000006337697755 +0.970594012525513 -0.000000055126341 +2.355951452728555 +0.000000000000000 +0.970594079803457 +0.000000000000000 +0.970594079803457 +0.000000000000000 +2.355951452728555 +0.000000000000000
  1   3 +0.766250000000000 +0.040000000000000 +0.060000000000000 +1.101319201986716 +688.706937640504862 +2.355943699427239 -0.000006314962665 +0.970594012363962 -0.000000054928588 +2.355951452728555 +0.000000000000000 +0.970594079803457 +0.000000000000000 +0.970594079803457 +0.000000000000000 +2.355951452728555 +0.000000000000000
  1   4 +0.766250000000000 +0.050000000000000 +0.060000000000000 +1.145796297987463 +554.801798092716353 +2.355943680946085 -0.000006292204066 +0.970594012203210 -0.000000054730630 +2.355951452728555 +0.000000000000000 +0.970594079803457 +0.000000000000000 +0.970594079803457 +0.000000000000000 +2.355951452728555 +0.000000000000000
  1   5 +0.766250000000000 +0.060000000000000 +0.060000000000000 +1.187283197610904 +463.122236011413463 +2.355943662557931 -0.000006269423930 +0.970594012043267 -0.000000054532484 +2.355951452728555 +0.000000000000000 +0.970594079803457 +0.000000000000000 +0.970594079803457 +0.000000000000000 +2.355951452728555 +0.000000000000000
  2   0 +0.767500000000000 +0.010000000000000 +0.060000000000000 +0.964873039428047 +2000.000000000000000 +2.354111093405652 -0.000006378898606 +0.972731922011396 -0.000000056795231 +2.354118794167029 +0.000000000000000 +0.972731990575979 +0.000000000000000 +0.972731990575979 +0.000000000000000 +2.354118794167029 +0.000000000000000
  2   1 +0.767500000000000 +0.020000000000000 +0.060000000000000 +1.039833870200628 +1366.831977719392398 +2.354111074648153 -0.000006356186083 +0.972731921844387 -0.000000056593007 +2.354118794167029 +0.000000000000000 +0.972731990575979 +0.000000000000000 +0.972731990575979 +0.000000000000000 +2.354118794167029 +0.000000000000000
  2   2 +0.767500000000000 +0.030000000000000 +0.060000000000000 +1.049129366048324 +917.529769787171517 +2.354111055980452 -0.000006333446274 +0.972731921678177 -0.000000056390541 +2.354118794167029 +0.000000000000000 +0.972731990575979 +0.000000000000000 +0.972731990575979 +0.000000000000000 +2.354118794167029 +0.000000000000000
  2   3 +0.767500000000000 +0.040000000000000 +0.060000000000000 +1.097757097792254 +689.360986128978880 +2.354111037403745 -0.000006310681148 +0.972731921512777 -0.000000056187849 +2.354118794167029 +0.000000000000000 +0.972731990575979 +0.000000000000000 +0.972731990575979 +0.000000000000000 +2.354118794167029 +0.000000000000000
  2   4 +0.767500000000000 +0.050000000000000 +0.060000000000000 +1.142358401274112 +555.236479372731083 +2.354111018919198 -0.000006287892682 +0.972731921348198 -0.000000055984949 +2.354118794167029 +0.000000000000000 +0.972731990575979 +0.000000000000000 +0.972731990575979 +0.000000000000000 +2.354118794167029 +0.000000000000000
  2   5 +0.767500000000000 +0.060000000000000 +0.060000000000000 +1.183741484533662 +464.021209252773303 +2.354111000527952 -0.000006265082852 +0.972731921184449 -0.000000055781860 +2.354118794167029 +0.000000000000000 +0.972731990575979 +0.000000000000000 +0.972731990575979 +0.000000000000000 +2.354118794167029 +0.000000000000000
  3   0 +0.768750000000000 +0.010000000000000 +0.060000000000000 +0.962805424671044 +2000.000000000000000 +2.352273571714335 -0.000006374680332 +0.974874702943215 -0.000000058076207 +2.352281275943779 +0.000000000000000 +0.974874773132213 +0.000000000000000 +0.974874773132213 +0.000000000000000 +2.352281275943779 +0.000000000000000
  3   1 +0.768750000000000 +0.020000000000000 +0.060000000000000 +1.035249609300215 +1368.193962632416969 +2.352273552952548 -0.000006351937272 +0.974874702772286 -0.000000057869007 +2.352281275943779 +0.000000000000000 +0.974874773132213 +0.000000000000000 +0.974874773132213 +0.000000000000000 +2.352281275943779 +0.000000000000000
  3   2 +0.768750000000000 +0.030000000000000 +0.060000000000000 +1.045347468915830 +918.353394431226889 +2.352273534280861 -0.000006329167080 +0.974874702602179 -0.000000057661561 +2.352281275943779 +0.000000000000000 +0.974874773132213 +0.000000000000000 +0.974874773132213 +0.000000000000000 +2.352281275943779 +0.000000000000000
  3   3 +0.768750000000000 +0.040000000000000 +0.060000000000000 +1.094077463891528 +689.928115133814345 +2.352273515700471 -0.000006306371735 +0.974874702432903 -0.000000057453885 +2.352281275943779 +0.000000000000000 +0.974874773132213 +0.000000000000000 +0.974874773132213 +0.000000000000000 +2.352281275943779 +0.000000000000000
  3   4 +0.768750000000000 +0.050000000000000 +0.060000000000000 +1.139009340495859 +555.641079286483773 +2.352273497212546 -0.000006283553219 +0.974874702264470 -0.000000057245998 +2.352281275943779 +0.000000000000000 +0.974874773132213 +0.000000000000000 +0.974874773132213 +0.000000000000000 +2.352281275943779 +0.000000000000000
  3   5 +0.768750000000000 +0.060000000000000 +0.060000000000000 +1.180072432121421 +464.683878021681323 +2.352273478818224 -0.000006260713517 +0.974874702096889 -0.000000057037918 +2.352281275943779 +0.000000000000000 +0.974874773132213 +0.000000000000000 +0.974874773132213 +0.000000000000000 +2.352281275943779 +0.000000000000000
  4   0 +0.770000000000000 +0.010000000000000 +0.060000000000000 +0.960839625123313 +2000.000000000000000 +2.350431147571980 -0.000006370434429 +0.977022398892046 -0.000000059364166 +2.350438855287733 +0.000000000000000 +0.977022470717934 +0.000000000000000 +0.977022470717934 +0.000000000000000 +2.350438855287733 +0.000000000000000
  4   1 +0.770000000000000 +0.020000000000000 +0.060000000000000 +1.030693550409637 +1365.829528517535209 +2.350431128805913 -0.000006347660642 +0.977022398717170 -0.000000059151943 +2.350438855287733 +0.000000000000000 +0.977022470717934 +0.000000000000000 +0.977022470717934 +0.000000000000000 +2.350438855287733 +0.000000000000000
  4   2 +0.770000000000000 +0.030000000000000 +0.060000000000000 +1.041619324350344 +915.538505899011852 +2.350431110130250 -0.000006324859880 +0.977022398543138 -0.000000058939470 +2.350438855287733 +0.000000000000000 +0.977022470717934 +0.000000000000000 +0.977022470717934 +0.000000000000000 +2.350438855287733 +0.000000000000000
  4   3 +0.770000000000000 +0.040000000000000 +0.060000000000000 +1.090446223926219 +690.485489807649969 +2.350431091546189 -0.000006302034130 +0.977022398369958 -0.000000058726764 +2.350438855287733 +0.000000000000000 +0.977022470717934 +0.000000000000000 +0.977022470717934 +0.000000000000000 +2.350438855287733 +0.000000000000000
  4   4 +0.770000000000000 +0.050000000000000 +0.060000000000000 +1.135645624983722 +556.059864023687282 +2.350431073054898 -0.000006279185381 +0.977022398197644 -0.000000058513843 +2.350438855287733 +0.000000000000000 +0.977022470717934 +0.000000000000000 +0.977022470717934 +0.000000000000000 +2.350438855287733 +0.000000000000000
  4   5 +0.770000000000000 +0.060000000000000 +0.060000000000000 +1.176507893886906 +465.243290280461338 +2.350431054657518 -0.000006256315624 +0.977022398026204 -0.000000058300727 +2.350438855287733 +0.000000000000000 +0.977022470717934 +0.000000000000000 +0.977022470717934 +0.000000000000000 +2.350438855287733 +0.000000000000000
  5   0 +0.771250000000000 +0.010000000000000 +0.060000000000000 +0.958722410718293 +2000.000000000000000 +2.348583777561603 -0.000006366160603 +0.979175053631197 -0.000000060659178 +2.348591488782064 +0.000000000000000 +0.979175127106612 +0.000000000000000 +0.979175127106612 +0.000000000000000 +2.348591488782064 +0.000000000000000
  5   1 +0.771250000000000 +0.020000000000000 +0.060000000000000 +1.026167729765394 +1367.334524096046152 +2.348583758791262 -0.000006343355897 +0.979175053452346 -0.000000060441886 +2.348591488782064 +0.000000000000000 +0.979175127106612 +0.000000000000000 +0.979175127106612 +0.000000000000000 +2.348591488782064 +0.000000000000000
  5   2 +0.771250000000000 +0.030000000000000 +0.060000000000000 +1.037942849429680 +916.538741651632108 +2.348583740111633 -0.000006320524376 +0.979175053274359 -0.000000060224339 +2.348591488782064 +0.000000000000000 +0.979175127106612 +0.000000000000000 +0.979175127106612 +0.000000000000000 +2.348591488782064 +0.000000000000000
  5   3 +0.771250000000000 +0.040000000000000 +0.060000000000000 +1.086866928604382 +691.097067497184867 +2.348583721523914 -0.000006297668034 +0.979175053097249 -0.000000060006555 +2.348591488782064 +0.000000000000000 +0.979175127106612 +0.000000000000000 +0.979175127106612 +0.000000000000000 +2.348591488782064 +0.000000000000000
  5   4 +0.771250000000000 +0.050000000000000 +0.060000000000000 +1.132233056333012 +556.522893010995858 +2.348583703029273 -0.000006274788865 +0.979175052921025 -0.000000059788554 +2.348591488782064 +0.000000000000000 +0.979175127106612 +0.000000000000000 +0.979175127106612 +0.000000000000000 +2.348591488782064 +0.000000000000000
  5   5 +0.771250000000000 +0.060000000000000 +0.060000000000000 +1.172840266104884 +465.746039913547463 +2.348583684628850 -0.000006251888870 +0.979175052745698 -0.000000059570354 +2.348591488782064 +0.000000000000000 +0.979175127106612 +0.000000000000000 +0.979175127106612 +0.000000000000000 +2.348591488782064 +0.000000000000000
  6   0 +0.772500000000000 +0.010000000000000 +0.060000000000000 +0.956790953445546 +2000.000000000000000 +2.346731417600909 -0.000006361858555 +0.981332711396576 -0.000000061961317 +2.346739132344640 +0.000000000000000 +0.981332786534317 +0.000000000000000 +0.981332786534317 +0.000000000000000 +2.346739132344640 +0.000000000000000
  6   1 +0.772500000000000 +0.020000000000000 +0.060000000000000 +1.021673348574275 +1365.142543479593769 +2.346731398826303 -0.000006339022736 +0.981332711213721 -0.000000061738907 +2.346739132344640 +0.000000000000000 +0.981332786534317 +0.000000000000000 +0.981332786534317 +0.000000000000000 +2.346739132344640 +0.000000000000000
  6   2 +0.772500000000000 +0.030000000000000 +0.060000000000000 +1.034193256674699 +917.529760420631305 +2.346731380142719 -0.000006316160264 +0.981332711031752 -0.000000061516238 +2.346739132344640 +0.000000000000000 +0.981332786534317 +0.000000000000000 +0.981332786534317 +0.000000000000000 +2.346739132344640 +0.000000000000000
  6   3 +0.772500000000000 +0.040000000000000 +0.060000000000000 +1.083165208797341 +691.764488190215616 +2.346731361551354 -0.000006293273140 +0.981332710850681 -0.000000061293329 +2.346739132344640 +0.000000000000000 +0.981332786534317 +0.000000000000000 +0.981332786534317 +0.000000000000000 +2.346739132344640 +0.000000000000000
  6   4 +0.772500000000000 +0.050000000000000 +0.060000000000000 +1.128903777945937 +557.032158889903371 +2.346731343053377 -0.000006270363365 +0.981332710670520 -0.000000061070200 +2.346739132344640 +0.000000000000000 +0.981332786534317 +0.000000000000000 +0.981332786534317 +0.000000000000000 +2.346739132344640 +0.000000000000000
  6   5 +0.772500000000000 +0.060000000000000 +0.060000000000000 +1.169255908573072 +466.212775168987946 +2.346731324649930 -0.000006247432946 +0.981332710491280 -0.000000060846869 +2.346739132344640 +0.000000000000000 +0.981332786534317 +0.000000000000000 +0.981332786534317 +0.000000000000000 +2.346739132344640 +0.000000000000000
  6   6 +0.772500000000000 +0.070000000000000 +0.060000000000000 +1.199272128757071 +399.768112629637585 +2.346731306342122 -0.000006224483891 +0.981332710312971 -0.000000060623356 +2.346739132344640 +0.000000000000000 +0.981332786534317 +0.000000000000000 +0.981332786534317 +0.000000000000000 +2.346739132344640 +0.000000000000000
  7   0 +0.773750000000000 +0.010000000000000 +0.060000000000000 +0.954767237011179 +2000.000000000000000 +2.344874022962552 -0.000006357527979 +0.983495416948508 -0.000000063270656 +2.344881741248280 +0.000000000000000 +0.983495493761540 +0.000000000000000 +0.983495493761540 +0.000000000000000 +2.344881741248280 +0.000000000000000
  7   1 +0.773750000000000 +0.020000000000000 +0.060000000000000 +1.017212121802929 +1366.513238242258467 +2.344874004183690 -0.000006334660852 +0.983495416761619 -0.000000063043081 +2.344881741248280 +0.000000000000000 +0.983495493761540 +0.000000000000000 +0.983495493761540 +0.000000000000000 +2.344881741248280 +0.000000000000000
  7   2 +0.773750000000000 +0.030000000000000 +0.060000000000000 +1.030419815712353 +914.811791582370006 +2.344873985496161 -0.000006311767237 +0.983495416575639 -0.000000062815242 +2.344881741248280 +0.000000000000000 +0.983495493761540 +0.000000000000000 +0.983495493761540 +0.000000000000000 +2.344881741248280 +0.000000000000000
  7   3 +0.773750000000000 +0.040000000000000 +0.060000000000000 +1.079566707292204 +692.345083865809443 +2.344873966901163 -0.000006288849138 +0.983495416390580 -0.000000062587159 +2.344881741248280 +0.000000000000000 +0.983495493761540 +0.000000000000000 +0.983495493761540 +0.000000000000000 +2.344881741248280 +0.000000000000000
  7   4 +0.773750000000000 +0.050000000000000 +0.060000000000000 +1.125484977282822 +554.423286639906451 +2.344873948399866 -0.000006265908568 +0.983495416206454 -0.000000062358852 +2.344881741248280 +0.000000000000000 +0.983495493761540 +0.000000000000000 +0.983495493761540 +0.000000000000000 +2.344881741248280 +0.000000000000000
  7   5 +0.773750000000000 +0.060000000000000 +0.060000000000000 +1.165585886435967 +466.760354148592455 +2.344873929993412 -0.000006242947539 +0.983495416023271 -0.000000062130342 +2.344881741248280 +0.000000000000000 +0.983495493761540 +0.000000000000000 +0.983495493761540 +0.000000000000000 +2.344881741248280 +0.000000000000000
  7   6 +0.773750000000000 +0.070000000000000 +0.060000000000000 +1.195793212830988 +400.019255792695105 +2.344873911682912 -0.000006219968064 +0.983495415841043 -0.000000061901648 +2.344881741248280 +0.000000000000000 +0.983495493761540 +0.000000000000000 +0.983495493761540 +0.000000000000000 +2.344881741248280 +0.000000000000000
  8   0 +0.775000000000000 +0.010000000000000 +0.060000000000000 +0.952847650331982 +2000.000000000000000 +2.343011548314002 -0.000006353168566 +0.985663215751378 -0.000000064587271 +2.343019270160619 +0.000000000000000 +0.985663294252837 +0.000000000000000 +0.985663294252837 +0.000000000000000 +2.343019270160619 +0.000000000000000
  8   1 +0.775000000000000 +0.020000000000000 +0.060000000000000 +1.012785915614195 +1364.534440379400621 +2.343011529530893 -0.000006330269935 +0.985663215560426 -0.000000064354480 +2.343019270160619 +0.000000000000000 +0.985663294252837 +0.000000000000000 +0.985663294252837 +0.000000000000000 +2.343019270160619 +0.000000000000000
  8   2 +0.775000000000000 +0.030000000000000 +0.060000000000000 +1.026694876626130 +915.836510329098928 +2.343011510839430 -0.000006307344980 +0.985663215370406 -0.000000064121422 +2.343019270160619 +0.000000000000000 +0.985663294252837 +0.000000000000000 +0.985663294252837 +0.000000000000000 +2.343019270160619 +0.000000000000000
  8   3 +0.775000000000000 +0.040000000000000 +0.060000000000000 +1.075921407297362 +689.841415626850790 +2.343011492240814 -0.000006284395715 +0.985663215181330 -0.000000063888116 +2.343019270160619 +0.000000000000000 +0.985663294252837 +0.000000000000000 +0.985663294252837 +0.000000000000000 +2.343019270160619 +0.000000000000000
  8   4 +0.775000000000000 +0.050000000000000 +0.060000000000000 +1.122088396911696 +554.881401409448472 +2.343011473736213 -0.000006261424158 +0.985663214993209 -0.000000063654584 +2.343019270160619 +0.000000000000000 +0.985663294252837 +0.000000000000000 +0.985663294252837 +0.000000000000000 +2.343019270160619 +0.000000000000000
  8   5 +0.775000000000000 +0.060000000000000 +0.060000000000000 +1.161983614744689 +463.823408127374478 +2.343011455326770 -0.000006238432328 +0.985663214806056 -0.000000063420845 +2.343019270160619 +0.000000000000000 +0.985663294252837 +0.000000000000000 +0.985663294252837 +0.000000000000000 +2.343019270160619 +0.000000000000000
  8   6 +0.775000000000000 +0.070000000000000 +0.060000000000000 +1.192190069689103 +400.387098602541869 +2.343011437013597 -0.000006215422249 +0.985663214619882 -0.000000063186921 +2.343019270160619 +0.000000000000000 +0.985663294252837 +0.000000000000000 +0.985663294252837 +0.000000000000000 +2.343019270160619 +0.000000000000000
  9   0 +0.776250000000000 +0.010000000000000 +0.060000000000000 +0.950902700448495 +2000.000000000000000 +2.341143947759810 -0.000006348780003 +0.987836154212801 -0.000000065911239 +2.341151673186377 +0.000000000000000 +0.987836234415995 +0.000000000000000 +0.987836234415995 +0.000000000000000 +2.341151673186377 +0.000000000000000
  9   1 +0.776250000000000 +0.020000000000000 +0.060000000000000 +1.008395955582868 +1366.053174773703176 +2.341143928972463 -0.000006325849667 +0.987836154017756 -0.000000065673182 +2.341151673186377 +0.000000000000000 +0.987836234415995 +0.000000000000000 +0.987836234415995 +0.000000000000000 +2.341151673186377 +0.000000000000000
  9   2 +0.776250000000000 +0.030000000000000 +0.060000000000000 +1.023016474268498 +916.769269676499562 +2.341143910277078 -0.000006302893175 +0.987836153823666 -0.000000065434855 +2.341151673186377 +0.000000000000000 +0.987836234415995 +0.000000000000000 +0.987836234415995 +0.000000000000000 +2.341151673186377 +0.000000000000000
  9   3 +0.776250000000000 +0.040000000000000 +0.060000000000000 +1.072248136133201 +690.571312188487468 +2.341143891674857 -0.000006279912549 +0.987836153630543 -0.000000065196276 +2.341151673186377 +0.000000000000000 +0.987836234415995 +0.000000000000000 +0.987836234415995 +0.000000000000000 +2.341151673186377 +0.000000000000000
  9   4 +0.776250000000000 +0.050000000000000 +0.060000000000000 +1.118770690295179 +555.463432488922422 +2.341143873166969 -0.000006256909812 +0.987836153438400 -0.000000064957468 +2.341151673186377 +0.000000000000000 +0.987836234415995 +0.000000000000000 +0.987836234415995 +0.000000000000000 +2.341151673186377 +0.000000000000000
  9   5 +0.776250000000000 +0.060000000000000 +0.060000000000000 +1.158308584895959 +464.183675582483545 +2.341143854754556 -0.000006233886992 +0.987836153247247 -0.000000064718452 +2.341151673186377 +0.000000000000000 +0.987836234415995 +0.000000000000000 +0.987836234415995 +0.000000000000000 +2.341151673186377 +0.000000000000000
  9   6 +0.776250000000000 +0.070000000000000 +0.060000000000000 +1.188697013054088 +400.712003158437483 +2.341143836438731 -0.000006210846118 +0.987836153057097 -0.000000064479248 +2.341151673186377 +0.000000000000000 +0.987836234415995 +0.000000000000000 +0.987836234415995 +0.000000000000000 +2.341151673186377 +0.000000000000000
 10   0 +0.777500000000000 +0.010000000000000 +0.060000000000000 +0.949044664678480 +2000.000000000000000 +2.339271174837769 -0.000006344361969 +0.990014279815062 -0.000000067242636 +2.339278903863517 +0.000000000000000 +0.990014361733475 +0.000000000000000 +0.990014361733475 +0.000000000000000 +2.339278903863517 +0.000000000000000
 10   1 +0.777500000000000 +0.020000000000000 +0.060000000000000 +1.004044720661251 +1363.680318338390862 +2.339271156046193 -0.000006321399728 +0.990014279615893 -0.000000066999264 +2.339278903863517 +0.000000000000000 +0.990014361733475 +0.000000000000000 +0.990014361733475 +0.000000000000000 +2.339278903863517 +0.000000000000000
 10   2 +0.777500000000000 +0.030000000000000 +0.060000000000000 +1.019345595139664 +914.463763569788057 +2.339271137346899 -0.000006298411500 +0.990014279417703 -0.000000066755616 +2.339278903863517 +0.000000000000000 +0.990014361733475 +0.000000000000000 +0.990014361733475 +0.000000000000000 +2.339278903863517 +0.000000000000000
 10   3 +0.777500000000000 +0.040000000000000 +0.060000000000000 +1.068672971885904 +691.385144958104775 +2.339271118741087 -0.000006275399314 +0.990014279220504 -0.000000066511715 +2.339278903863517 +0.000000000000000 +0.990014361733475 +0.000000000000000 +0.990014361733475 +0.000000000000000 +2.339278903863517 +0.000000000000000
 10   4 +0.777500000000000 +0.050000000000000 +0.060000000000000 +1.115307149560878 +556.122906796925918 +2.339271100229929 -0.000006252365202 +0.990014279024308 -0.000000066267581 +2.339278903863517 +0.000000000000000 +0.990014361733475 +0.000000000000000 +0.990014361733475 +0.000000000000000 +2.339278903863517 +0.000000000000000
 10   5 +0.777500000000000 +0.060000000000000 +0.060000000000000 +1.154690844482755 +464.491417374872981 +2.339271081814566 -0.000006229311199 +0.990014278829127 -0.000000066023236 +2.339278903863517 +0.000000000000000 +0.990014361733475 +0.000000000000000 +0.990014361733475 +0.000000000000000 +2.339278903863517 +0.000000000000000
 10   6 +0.777500000000000 +0.070000000000000 +0.060000000000000 +1.185084239399117 +400.982617589836707 +2.339271063496112 -0.000006206239340 +0.990014278634973 -0.000000065778702 +2.339278903863517 +0.000000000000000 +0.990014361733475 +0.000000000000000 +0.990014361733475 +0.000000000000000 +2.339278903863517 +0.000000000000000
