# i   j  Gamma              Lambda             paramK             distTrajToEq       integrationTime      startPtfi1         startPtV1          startPtfi2         startPtV2          sadfocPtfi1        sadfocPtV1         sadfocPtfi2        sadfocPtV2         saddlePtfi1        saddlePtV1         saddlePtfi2        saddlePtV2
# 0   1  2                  3                  4                  5                  6                    7                  8                  9                  10                 11                 12                 13                 14                 15                 16                 17                 18
 20   0 +0.908823529411765 +0.050000000000000 +0.060000000000000 +0.687335901669936 +535.520046690894105 +2.097641745840866 -0.000005484141888 +1.263827614962995 -0.000000274023409 +2.097650093004717 +0.000000000000000 +1.263828032041608 +0.000000000000000 +1.263828032041608 +0.000000000000000 +2.097650093004717 +0.000000000000000
 20   1 +0.908823529411765 +0.052941176470588 +0.060000000000000 +0.695727921379440 +506.611590662024696 +2.097641740420720 -0.000005475883232 +1.263827614692169 -0.000000273610753 +2.097650093004717 +0.000000000000000 +1.263828032041608 +0.000000000000000 +1.263828032041608 +0.000000000000000 +2.097650093004717 +0.000000000000000
 21   0 +0.911764705882353 +0.050000000000000 +0.060000000000000 +0.674215960566815 +534.005583218372294 +2.090543192561860 -0.000005454814486 +1.271649223298158 -0.000000281725389 +2.090551557905019 +0.000000000000000 +1.271649655343933 +0.000000000000000 +1.271649655343933 +0.000000000000000 +2.090551557905019 +0.000000000000000
 21   1 +0.911764705882353 +0.052941176470588 +0.060000000000000 +0.682789326971934 +505.124419920685000 +2.090543187147875 -0.000005446502739 +1.271649223018541 -0.000000281296111 +2.090551557905019 +0.000000000000000 +1.271649655343933 +0.000000000000000 +1.271649655343933 +0.000000000000000 +2.090551557905019 +0.000000000000000
 21   2 +0.911764705882353 +0.055882352941176 +0.060000000000000 +0.691118860168838 +481.028914458422889 +2.090543181747358 -0.000005438193642 +1.271649222739620 -0.000000280866970 +2.090551557905019 +0.000000000000000 +1.271649655343933 +0.000000000000000 +1.271649655343933 +0.000000000000000 +2.090551557905019 +0.000000000000000
 21   3 +0.911764705882353 +0.058823529411765 +0.060000000000000 +0.699218772824722 +455.539101065039517 +2.090543176360330 -0.000005429887281 +1.271649222461396 -0.000000280437971 +2.090551557905019 +0.000000000000000 +1.271649655343933 +0.000000000000000 +1.271649655343933 +0.000000000000000 +2.090551557905019 +0.000000000000000
 22   0 +0.914705882352941 +0.050000000000000 +0.060000000000000 +0.661044104372644 +534.350667175917465 +2.083312119886846 -0.000005424440422 +1.279603888859488 -0.000000289709295 +2.083320503860512 +0.000000000000000 +1.279604336631961 +0.000000000000000 +1.279604336631961 +0.000000000000000 +2.083320503860512 +0.000000000000000
 22   1 +0.914705882352941 +0.052941176470588 +0.060000000000000 +0.669753266973465 +504.788090923943685 +2.083312114479678 -0.000005416073997 +1.279603888570702 -0.000000289262460 +2.083320503860512 +0.000000000000000 +1.279604336631961 +0.000000000000000 +1.279604336631961 +0.000000000000000 +2.083320503860512 +0.000000000000000
 22   2 +0.914705882352941 +0.055882352941176 +0.060000000000000 +0.678167168607031 +479.542604219279497 +2.083312109086180 -0.000005407710444 +1.279603888282645 -0.000000288815778 +2.083320503860512 +0.000000000000000 +1.279604336631961 +0.000000000000000 +1.279604336631961 +0.000000000000000 +2.083320503860512 +0.000000000000000
 22   3 +0.914705882352941 +0.058823529411765 +0.060000000000000 +0.686366147401216 +454.985304224924562 +2.083312103706375 -0.000005399349851 +1.279603887995319 -0.000000288369254 +2.083320503860512 +0.000000000000000 +1.279604336631961 +0.000000000000000 +1.279604336631961 +0.000000000000000 +2.083320503860512 +0.000000000000000
 22   4 +0.914705882352941 +0.061764705882353 +0.060000000000000 +0.694347453643765 +435.331891202400243 +2.083312098340285 -0.000005390992305 +1.279603887708727 -0.000000287922893 +2.083320503860512 +0.000000000000000 +1.279604336631961 +0.000000000000000 +1.279604336631961 +0.000000000000000 +2.083320503860512 +0.000000000000000
 23   0 +0.917647058823529 +0.050000000000000 +0.060000000000000 +0.647773684701936 +525.598469868344409 +2.075942542309092 -0.000005392954202 +1.287697529370663 -0.000000297996165 +2.075950945382667 +0.000000000000000 +1.287697993695707 +0.000000000000000 +1.287697993695707 +0.000000000000000 +2.075950945382667 +0.000000000000000
 23   1 +0.917647058823529 +0.052941176470588 +0.060000000000000 +0.656593833927212 +495.573108649042126 +2.075942536909455 -0.000005384531435 +1.287697529072297 -0.000000297530752 +2.075950945382667 +0.000000000000000 +1.287697993695707 +0.000000000000000 +1.287697993695707 +0.000000000000000 +2.075950945382667 +0.000000000000000
 23   2 +0.917647058823529 +0.055882352941176 +0.060000000000000 +0.665114978151590 +474.816297081447772 +2.075942531523700 -0.000005376111774 +1.287697528774699 -0.000000297065510 +2.075950945382667 +0.000000000000000 +1.287697993695707 +0.000000000000000 +1.287697993695707 +0.000000000000000 +2.075950945382667 +0.000000000000000
 23   3 +0.917647058823529 +0.058823529411765 +0.060000000000000 +0.673408557820448 +447.623606520445094 +2.075942526151847 -0.000005367695310 +1.287697528477869 -0.000000296600445 +2.075950945382667 +0.000000000000000 +1.287697993695707 +0.000000000000000 +1.287697993695707 +0.000000000000000 +2.075950945382667 +0.000000000000000
 23   4 +0.917647058823529 +0.061764705882353 +0.060000000000000 +0.681470662675693 +425.845377029333122 +2.075942520793919 -0.000005359282130 +1.287697528181808 -0.000000296135562 +2.075950945382667 +0.000000000000000 +1.287697993695707 +0.000000000000000 +1.287697993695707 +0.000000000000000 +2.075950945382667 +0.000000000000000
 23   5 +0.917647058823529 +0.064705882352941 +0.060000000000000 +0.689299474417943 +414.973439831743747 +2.075942515449934 -0.000005350872327 +1.287697527886518 -0.000000295670865 +2.075950945382667 +0.000000000000000 +1.287697993695707 +0.000000000000000 +1.287697993695707 +0.000000000000000 +2.075950945382667 +0.000000000000000
 23   6 +0.917647058823529 +0.067647058823529 +0.060000000000000 +0.696894783770267 +395.077651074501432 +2.075942510119914 -0.000005342465987 +1.287697527591999 -0.000000295206359 +2.075950945382667 +0.000000000000000 +1.287697993695707 +0.000000000000000 +1.287697993695707 +0.000000000000000 +2.075950945382667 +0.000000000000000
 24   0 +0.920588235294118 +0.050000000000000 +0.060000000000000 +0.634430409254694 +533.162279987692386 +2.068425478862873 -0.000005360273339 +1.295937810520139 -0.000000306611419 +2.068433901531376 +0.000000000000000 +1.295938292302724 +0.000000000000000 +1.295938292302724 +0.000000000000000 +2.068433901531376 +0.000000000000000
 24   1 +0.920588235294118 +0.052941176470588 +0.060000000000000 +0.643311093403423 +503.000994362153847 +2.068425473471550 -0.000005351792461 +1.295937810211752 -0.000000306126307 +2.068433901531376 +0.000000000000000 +1.295938292302724 +0.000000000000000 +1.295938292302724 +0.000000000000000 +2.068433901531376 +0.000000000000000
 24   2 +0.920588235294118 +0.055882352941176 +0.060000000000000 +0.651947847225718 +477.840877922344589 +2.068425468094328 -0.000005343314938 +1.295937809904171 -0.000000305641387 +2.068433901531376 +0.000000000000000 +1.295938292302724 +0.000000000000000 +1.295938292302724 +0.000000000000000 +2.068433901531376 +0.000000000000000
 24   3 +0.920588235294118 +0.058823529411765 +0.060000000000000 +0.660340646155401 +457.714998118300059 +2.068425462731227 -0.000005334840862 +1.295937809597398 -0.000000305156663 +2.068433901531376 +0.000000000000000 +1.295938292302724 +0.000000000000000 +1.295938292302724 +0.000000000000000 +2.068433901531376 +0.000000000000000
 24   4 +0.920588235294118 +0.061764705882353 +0.060000000000000 +0.668487434828237 +432.622351007168788 +2.068425457382268 -0.000005326370322 +1.295937809291434 -0.000000304672143 +2.068433901531376 +0.000000000000000 +1.295938292302724 +0.000000000000000 +1.295938292302724 +0.000000000000000 +2.068433901531376 +0.000000000000000
 24   5 +0.920588235294118 +0.064705882352941 +0.060000000000000 +0.676387984506511 +412.390007472269815 +2.068425452047470 -0.000005317903412 +1.295937808986279 -0.000000304187829 +2.068433901531376 +0.000000000000000 +1.295938292302724 +0.000000000000000 +1.295938292302724 +0.000000000000000 +2.068433901531376 +0.000000000000000
 24   6 +0.920588235294118 +0.067647058823529 +0.060000000000000 +0.684043339863451 +397.522949898924708 +2.068425446726853 -0.000005309440221 +1.295937808681936 -0.000000303703729 +2.068433901531376 +0.000000000000000 +1.295938292302724 +0.000000000000000 +1.295938292302724 +0.000000000000000 +2.068433901531376 +0.000000000000000
 24   7 +0.920588235294118 +0.070588235294118 +0.060000000000000 +0.691384962437684 +381.793980969766665 +2.068425441420436 -0.000005300980839 +1.295937808378405 -0.000000303219846 +2.068433901531376 +0.000000000000000 +1.295938292302724 +0.000000000000000 +1.295938292302724 +0.000000000000000 +2.068433901531376 +0.000000000000000
 24   8 +0.920588235294118 +0.073529411764706 +0.060000000000000 +0.698496161894511 +367.184908498031007 +2.068425436128237 -0.000005292525358 +1.295937808075688 -0.000000302736187 +2.068433901531376 +0.000000000000000 +1.295938292302724 +0.000000000000000 +1.295938292302724 +0.000000000000000 +2.068433901531376 +0.000000000000000
 25   0 +0.923529411764706 +0.050000000000000 +0.060000000000000 +0.620905654220577 +532.910938990286240 +2.060751419347306 -0.000005326307077 +1.304335068724302 -0.000000315584981 +2.060759862132505 +0.000000000000000 +1.304335568961365 +0.000000000000000 +1.304335568961365 +0.000000000000000 +2.060759862132505 +0.000000000000000
 25   1 +0.923529411764706 +0.052941176470588 +0.060000000000000 +0.629925552045524 +502.429757606172643 +2.060751413965157 -0.000005317766209 +1.304335068405409 -0.000000315078933 +2.060759862132505 +0.000000000000000 +1.304335568961365 +0.000000000000000 +1.304335568961365 +0.000000000000000 +2.060759862132505 +0.000000000000000
 25   2 +0.923529411764706 +0.055882352941176 +0.060000000000000 +0.638686179083264 +472.417760329760881 +2.060751408597337 -0.000005309228960 +1.304335068087364 -0.000000314573099 +2.060759862132505 +0.000000000000000 +1.304335568961365 +0.000000000000000 +1.304335568961365 +0.000000000000000 +2.060759862132505 +0.000000000000000
 25   3 +0.923529411764706 +0.058823529411765 +0.060000000000000 +0.647185212780131 +456.591737722023538 +2.060751403243865 -0.000005300695423 +1.304335067770169 -0.000000314067485 +2.060759862132505 +0.000000000000000 +1.304335568961365 +0.000000000000000 +1.304335568961365 +0.000000000000000 +2.060759862132505 +0.000000000000000
 25   4 +0.923529411764706 +0.061764705882353 +0.060000000000000 +0.655422500520650 +431.495122955454860 +2.060751397904761 -0.000005292165691 +1.304335067453826 -0.000000313562096 +2.060759862132505 +0.000000000000000 +1.304335568961365 +0.000000000000000 +1.304335568961365 +0.000000000000000 +2.060759862132505 +0.000000000000000
 25   5 +0.923529411764706 +0.064705882352941 +0.060000000000000 +0.663342664801592 +415.877454823679614 +2.060751392580045 -0.000005283639856 +1.304335067138336 -0.000000313056938 +2.060759862132505 +0.000000000000000 +1.304335568961365 +0.000000000000000 +1.304335568961365 +0.000000000000000 +2.060759862132505 +0.000000000000000
 25   6 +0.923529411764706 +0.067647058823529 +0.060000000000000 +0.670985199952546 +395.927738534497678 +2.060751387269735 -0.000005275118011 +1.304335066823698 -0.000000312552017 +2.060759862132505 +0.000000000000000 +1.304335568961365 +0.000000000000000 +1.304335568961365 +0.000000000000000 +2.060759862132505 +0.000000000000000
 25   7 +0.923529411764706 +0.070588235294118 +0.060000000000000 +0.678383175119444 +380.845952231154683 +2.060751381973849 -0.000005266600247 +1.304335066509916 -0.000000312047337 +2.060759862132505 +0.000000000000000 +1.304335568961365 +0.000000000000000 +1.304335568961365 +0.000000000000000 +2.060759862132505 +0.000000000000000
 25   8 +0.923529411764706 +0.073529411764706 +0.060000000000000 +0.685540700902022 +365.354830674869959 +2.060751376692405 -0.000005258086657 +1.304335066196989 -0.000000311542905 +2.060759862132505 +0.000000000000000 +1.304335568961365 +0.000000000000000 +1.304335568961365 +0.000000000000000 +2.060759862132505 +0.000000000000000
 25   9 +0.923529411764706 +0.076470588235294 +0.060000000000000 +0.692462449700182 +355.081072414059918 +2.060751371425419 -0.000005249577332 +1.304335065884919 -0.000000311038725 +2.060759862132505 +0.000000000000000 +1.304335568961365 +0.000000000000000 +1.304335568961365 +0.000000000000000 +2.060759862132505 +0.000000000000000
 25  10 +0.923529411764706 +0.079411764705882 +0.060000000000000 +0.699153606584848 +339.899379264229196 +2.060751366172908 -0.000005241072364 +1.304335065573706 -0.000000310534804 +2.060759862132505 +0.000000000000000 +1.304335568961365 +0.000000000000000 +1.304335568961365 +0.000000000000000 +2.060759862132505 +0.000000000000000
 26   0 +0.926470588235294 +0.050000000000000 +0.060000000000000 +0.607319431317767 +528.237731581864978 +2.052911315728965 -0.000005290960098 +1.312901428872935 -0.000000324950876 +2.052919779177624 +0.000000000000000 +1.312901948666130 +0.000000000000000 +1.312901948666130 +0.000000000000000 +2.052919779177624 +0.000000000000000
 26   1 +0.926470588235294 +0.052941176470588 +0.060000000000000 +0.616471157464397 +497.562525180585112 +2.052911310356937 -0.000005282357251 +1.312901428543005 -0.000000324422521 +2.052919779177624 +0.000000000000000 +1.312901948666130 +0.000000000000000 +1.312901948666130 +0.000000000000000 +2.052919779177624 +0.000000000000000
 26   2 +0.926470588235294 +0.055882352941176 +0.060000000000000 +0.625344351369530 +476.266670664249432 +2.052911304999474 -0.000005273758303 +1.312901428213970 -0.000000323894406 +2.052919779177624 +0.000000000000000 +1.312901948666130 +0.000000000000000 +1.312901948666130 +0.000000000000000 +2.052919779177624 +0.000000000000000
 26   3 +0.926470588235294 +0.058823529411765 +0.060000000000000 +0.633938894999748 +455.816747656233133 +2.052911299656596 -0.000005265163350 +1.312901427885830 -0.000000323366536 +2.052919779177624 +0.000000000000000 +1.312901948666130 +0.000000000000000 +1.312901948666130 +0.000000000000000 +2.052919779177624 +0.000000000000000
 26   4 +0.926470588235294 +0.061764705882353 +0.060000000000000 +0.642176504286022 +430.444908352439825 +2.052911294328323 -0.000005256572485 +1.312901427558588 -0.000000322838918 +2.052919779177624 +0.000000000000000 +1.312901948666130 +0.000000000000000 +1.312901948666130 +0.000000000000000 +2.052919779177624 +0.000000000000000
 26   5 +0.926470588235294 +0.064705882352941 +0.060000000000000 +0.650135803820188 +414.901907569068726 +2.052911289014671 -0.000005247985804 +1.312901427232243 -0.000000322311556 +2.052919779177624 +0.000000000000000 +1.312901948666130 +0.000000000000000 +1.312901948666130 +0.000000000000000 +2.052919779177624 +0.000000000000000
 26   6 +0.926470588235294 +0.067647058823529 +0.060000000000000 +0.657835548477736 +394.593608105635610 +2.052911283715660 -0.000005239403399 +1.312901426906798 -0.000000321784457 +2.052919779177624 +0.000000000000000 +1.312901948666130 +0.000000000000000 +1.312901948666130 +0.000000000000000 +2.052919779177624 +0.000000000000000
 26   7 +0.926470588235294 +0.070588235294118 +0.060000000000000 +0.665280257903773 +383.827038765349641 +2.052911278431306 -0.000005230825366 +1.312901426582253 -0.000000321257626 +2.052919779177624 +0.000000000000000 +1.312901948666130 +0.000000000000000 +1.312901948666130 +0.000000000000000 +2.052919779177624 +0.000000000000000
 26   8 +0.926470588235294 +0.073529411764706 +0.060000000000000 +0.672475098260083 +363.816676667295553 +2.052911273161627 -0.000005222251796 +1.312901426258609 -0.000000320731070 +2.052919779177624 +0.000000000000000 +1.312901948666130 +0.000000000000000 +1.312901948666130 +0.000000000000000 +2.052919779177624 +0.000000000000000
 26   9 +0.926470588235294 +0.076470588235294 +0.060000000000000 +0.679425770795131 +353.507107101763722 +2.052911267906638 -0.000005213682783 +1.312901425935867 -0.000000320204793 +2.052919779177624 +0.000000000000000 +1.312901948666130 +0.000000000000000 +1.312901948666130 +0.000000000000000 +2.052919779177624 +0.000000000000000
 26  10 +0.926470588235294 +0.079411764705882 +0.060000000000000 +0.686095575940642 +342.682939860096326 +2.052911262666355 -0.000005205118420 +1.312901425614029 -0.000000319678802 +2.052919779177624 +0.000000000000000 +1.312901948666130 +0.000000000000000 +1.312901948666130 +0.000000000000000 +2.052919779177624 +0.000000000000000
 26  11 +0.926470588235294 +0.082352941176471 +0.060000000000000 +0.692527316220355 +327.860653545360719 +2.052911257440794 -0.000005196558799 +1.312901425293095 -0.000000319153103 +2.052919779177624 +0.000000000000000 +1.312901948666130 +0.000000000000000 +1.312901948666130 +0.000000000000000 +2.052919779177624 +0.000000000000000
 26  12 +0.926470588235294 +0.085294117647059 +0.060000000000000 +0.698741166901510 +317.934229640526269 +2.052911252229968 -0.000005188004013 +1.312901424973065 -0.000000318627700 +2.052919779177624 +0.000000000000000 +1.312901948666130 +0.000000000000000 +1.312901948666130 +0.000000000000000 +2.052919779177624 +0.000000000000000
 27   0 +0.929411764705882 +0.050000000000000 +0.060000000000000 +0.593697413260695 +527.868644602938730 +2.044891800656145 -0.000005254112653 +1.321641884119675 -0.000000334743365 +2.044900285350331 +0.000000000000000 +1.321642424685756 +0.000000000000000 +1.321642424685756 +0.000000000000000 +2.044900285350331 +0.000000000000000
 27   1 +0.929411764705882 +0.052941176470588 +0.060000000000000 +0.602964251584155 +496.923381766066882 +2.044891795295285 -0.000005245445692 +1.321641883778131 -0.000000334191187 +2.044900285350331 +0.000000000000000 +1.321642424685756 +0.000000000000000 +1.321642424685756 +0.000000000000000 +2.044900285350331 +0.000000000000000
 27   2 +0.929411764705882 +0.055882352941176 +0.060000000000000 +0.611863873711641 +475.837293301399541 +2.044891789949237 -0.000005236782929 +1.321641883437530 -0.000000333639276 +2.044900285350331 +0.000000000000000 +1.321642424685756 +0.000000000000000 +1.321642424685756 +0.000000000000000 +2.044900285350331 +0.000000000000000
 27   3 +0.929411764705882 +0.058823529411765 +0.060000000000000 +0.620476075336810 +455.004927634590786 +2.044891784618021 -0.000005228124462 +1.321641883097874 -0.000000333087639 +2.044900285350331 +0.000000000000000 +1.321642424685756 +0.000000000000000 +1.321642424685756 +0.000000000000000 +2.044900285350331 +0.000000000000000
 27   4 +0.929411764705882 +0.061764705882353 +0.060000000000000 +0.628804057514786 +429.326099954148049 +2.044891779301655 -0.000005219470386 +1.321641882759165 -0.000000332536281 +2.044900285350331 +0.000000000000000 +1.321642424685756 +0.000000000000000 +1.321642424685756 +0.000000000000000 +2.044900285350331 +0.000000000000000
 27   5 +0.929411764705882 +0.064705882352941 +0.060000000000000 +0.636852271199076 +413.887115321867668 +2.044891774000155 -0.000005210820798 +1.321641882421402 -0.000000331985210 +2.044900285350331 +0.000000000000000 +1.321642424685756 +0.000000000000000 +1.321642424685756 +0.000000000000000 +2.044900285350331 +0.000000000000000
 27   6 +0.929411764705882 +0.067647058823529 +0.060000000000000 +0.644619159523673 +393.226327664464520 +2.044891768713540 -0.000005202175792 +1.321641882084588 -0.000000331434430 +2.044900285350331 +0.000000000000000 +1.321642424685756 +0.000000000000000 +1.321642424685756 +0.000000000000000 +2.044900285350331 +0.000000000000000
 27   7 +0.929411764705882 +0.070588235294118 +0.060000000000000 +0.652048270047385 +382.519468766018406 +2.044891763441826 -0.000005193535465 +1.321641881748723 -0.000000330883948 +2.044900285350331 +0.000000000000000 +1.321642424685756 +0.000000000000000 +1.321642424685756 +0.000000000000000 +2.044900285350331 +0.000000000000000
 27   8 +0.929411764705882 +0.073529411764706 +0.060000000000000 +0.659225152683836 +362.279115278806330 +2.044891758185028 -0.000005184899912 +1.321641881413809 -0.000000330333771 +2.044900285350331 +0.000000000000000 +1.321642424685756 +0.000000000000000 +1.321642424685756 +0.000000000000000 +2.044900285350331 +0.000000000000000
 27   9 +0.929411764705882 +0.076470588235294 +0.060000000000000 +0.666155961446194 +351.860669088262114 +2.044891752943162 -0.000005176269226 +1.321641881079846 -0.000000329783904 +2.044900285350331 +0.000000000000000 +1.321642424685756 +0.000000000000000 +1.321642424685756 +0.000000000000000 +2.044900285350331 +0.000000000000000
 27  10 +0.929411764705882 +0.079411764705882 +0.060000000000000 +0.672847236551869 +341.151503622768587 +2.044891747716243 -0.000005167643503 +1.321641880746835 -0.000000329234353 +2.044900285350331 +0.000000000000000 +1.321642424685756 +0.000000000000000 +1.321642424685756 +0.000000000000000 +2.044900285350331 +0.000000000000000
 27  11 +0.929411764705882 +0.082352941176471 +0.060000000000000 +0.679305724714858 +325.965324515335624 +2.044891742504285 -0.000005159022836 +1.321641880414777 -0.000000328685124 +2.044900285350331 +0.000000000000000 +1.321642424685756 +0.000000000000000 +1.321642424685756 +0.000000000000000 +2.044900285350331 +0.000000000000000
 27  12 +0.929411764705882 +0.085294117647059 +0.060000000000000 +0.685538304788887 +316.104003688131286 +2.044891737307301 -0.000005150407319 +1.321641880083674 -0.000000328136223 +2.044900285350331 +0.000000000000000 +1.321642424685756 +0.000000000000000 +1.321642424685756 +0.000000000000000 +2.044900285350331 +0.000000000000000
 27  13 +0.929411764705882 +0.088235294117647 +0.060000000000000 +0.691552047538527 +310.025686884451318 +2.044891732125306 -0.000005141797046 +1.321641879753525 -0.000000327587656 +2.044900285350331 +0.000000000000000 +1.321642424685756 +0.000000000000000 +1.321642424685756 +0.000000000000000 +2.044900285350331 +0.000000000000000
 27  14 +0.929411764705882 +0.091176470588235 +0.060000000000000 +0.697318197260488 +299.555003013666749 +2.044891726958310 -0.000005133192108 +1.321641879424332 -0.000000327039429 +2.044900285350331 +0.000000000000000 +1.321642424685756 +0.000000000000000 +1.321642424685756 +0.000000000000000 +2.044900285350331 +0.000000000000000
 28   0 +0.932352941176471 +0.050000000000000 +0.060000000000000 +0.579922488558799 +527.680661603026238 +2.036682476762254 -0.000005215646577 +1.330576090685488 -0.000000345010273 +2.036690983310726 +0.000000000000000 +1.330576653385926 +0.000000000000000 +1.330576653385926 +0.000000000000000 +2.036690983310726 +0.000000000000000
 28   1 +0.932352941176471 +0.052941176470588 +0.060000000000000 +0.589255721545239 +496.501974007007561 +2.036682471413720 -0.000005206913239 +1.330576090331687 -0.000000344432571 +2.036690983310726 +0.000000000000000 +1.330576653385926 +0.000000000000000 +1.330576653385926 +0.000000000000000 +2.036690983310726 +0.000000000000000
 28   2 +0.932352941176471 +0.055882352941176 +0.060000000000000 +0.598278593723527 +475.375110599558639 +2.036682466080257 -0.000005198184420 +1.330576089978883 -0.000000343855168 +2.036690983310726 +0.000000000000000 +1.330576653385926 +0.000000000000000 +1.330576653385926 +0.000000000000000 +2.036690983310726 +0.000000000000000
 28   3 +0.932352941176471 +0.058823529411765 +0.060000000000000 +0.606994878891646 +449.961621062283143 +2.036682460761883 -0.000005189460217 +1.330576089627078 -0.000000343278069 +2.036690983310726 +0.000000000000000 +1.330576653385926 +0.000000000000000 +1.330576653385926 +0.000000000000000 +2.036690983310726 +0.000000000000000
 28   4 +0.932352941176471 +0.061764705882353 +0.060000000000000 +0.615376457611601 +428.662516172086157 +2.036682455458615 -0.000005180740728 +1.330576089276271 -0.000000342701283 +2.036690983310726 +0.000000000000000 +1.330576653385926 +0.000000000000000 +1.330576653385926 +0.000000000000000 +2.036690983310726 +0.000000000000000
 28   5 +0.932352941176471 +0.064705882352941 +0.060000000000000 +0.623404777151937 +412.818724188825740 +2.036682450170469 -0.000005172026052 +1.330576088926465 -0.000000342124815 +2.036690983310726 +0.000000000000000 +1.330576653385926 +0.000000000000000 +1.330576653385926 +0.000000000000000 +2.036690983310726 +0.000000000000000
 28   6 +0.932352941176471 +0.067647058823529 +0.060000000000000 +0.631156217870338 +391.946038244721308 +2.036682444897463 -0.000005163316286 +1.330576088577661 -0.000000341548672 +2.036690983310726 +0.000000000000000 +1.330576653385926 +0.000000000000000 +1.330576653385926 +0.000000000000000 +2.036690983310726 +0.000000000000000
 28   7 +0.932352941176471 +0.070588235294118 +0.060000000000000 +0.638637352513866 +381.142599625547064 +2.036682439639610 -0.000005154611526 +1.330576088229859 -0.000000340972860 +2.036690983310726 +0.000000000000000 +1.330576653385926 +0.000000000000000 +1.330576653385926 +0.000000000000000 +2.036690983310726 +0.000000000000000
 28   8 +0.932352941176471 +0.073529411764706 +0.060000000000000 +0.645855191076664 +365.603107944690237 +2.036682434396926 -0.000005145911870 +1.330576087883060 -0.000000340397386 +2.036690983310726 +0.000000000000000 +1.330576653385926 +0.000000000000000 +1.330576653385926 +0.000000000000000 +2.036690983310726 +0.000000000000000
 28   9 +0.932352941176471 +0.076470588235294 +0.060000000000000 +0.652817143477929 +350.283821037628741 +2.036682429169427 -0.000005137217413 +1.330576087537265 -0.000000339822256 +2.036690983310726 +0.000000000000000 +1.330576653385926 +0.000000000000000 +1.330576653385926 +0.000000000000000 +2.036690983310726 +0.000000000000000
 28  10 +0.932352941176471 +0.079411764705882 +0.060000000000000 +0.659500834301401 +339.549540429963770 +2.036682423957124 -0.000005128528253 +1.330576087192476 -0.000000339247476 +2.036690983310726 +0.000000000000000 +1.330576653385926 +0.000000000000000 +1.330576653385926 +0.000000000000000 +2.036690983310726 +0.000000000000000
 28  11 +0.932352941176471 +0.082352941176471 +0.060000000000000 +0.665921681158259 +324.457831631811302 +2.036682418760032 -0.000005119844483 +1.330576086848694 -0.000000338673052 +2.036690983310726 +0.000000000000000 +1.330576653385926 +0.000000000000000 +1.330576653385926 +0.000000000000000 +2.036690983310726 +0.000000000000000
 28  12 +0.932352941176471 +0.085294117647059 +0.060000000000000 +0.672117000393289 +318.400262192684124 +2.036682413578164 -0.000005111166201 +1.330576086505918 -0.000000338098992 +2.036690983310726 +0.000000000000000 +1.330576653385926 +0.000000000000000 +1.330576653385926 +0.000000000000000 +2.036690983310726 +0.000000000000000
 28  13 +0.932352941176471 +0.088235294117647 +0.060000000000000 +0.678093856877073 +308.146009239060731 +2.036682408411531 -0.000005102493500 +1.330576086164150 -0.000000337525300 +2.036690983310726 +0.000000000000000 +1.330576653385926 +0.000000000000000 +1.330576653385926 +0.000000000000000 +2.036690983310726 +0.000000000000000
 28  14 +0.932352941176471 +0.091176470588235 +0.060000000000000 +0.681953138926274 +297.492303896938836 +2.036682403260145 -0.000005093826475 +1.330576085823390 -0.000000336951984 +2.036690983310726 +0.000000000000000 +1.330576653385926 +0.000000000000000 +1.330576653385926 +0.000000000000000 +2.036690983310726 +0.000000000000000
 28  15 +0.932352941176471 +0.094117647058824 +0.060000000000000 +0.684806032052113 +287.533946234649079 +2.036682398124018 -0.000005085165219 +1.330576085483640 -0.000000336379050 +2.036690983310726 +0.000000000000000 +1.330576653385926 +0.000000000000000 +1.330576653385926 +0.000000000000000 +2.036690983310726 +0.000000000000000
 28  16 +0.932352941176471 +0.097058823529412 +0.060000000000000 +0.687543541497341 +282.314714427690092 +2.036682393003159 -0.000005076509828 +1.330576085144900 -0.000000335806504 +2.036690983310726 +0.000000000000000 +1.330576653385926 +0.000000000000000 +1.330576653385926 +0.000000000000000 +2.036690983310726 +0.000000000000000
 28  17 +0.932352941176471 +0.100000000000000 +0.060000000000000 +0.690274135659316 +272.742348221826035 +2.036682387897579 -0.000005067860393 +1.330576084807170 -0.000000335234352 +2.036690983310726 +0.000000000000000 +1.330576653385926 +0.000000000000000 +1.330576653385926 +0.000000000000000 +2.036690983310726 +0.000000000000000
 28  18 +0.932352941176471 +0.102941176470588 +0.060000000000000 +0.692985615451456 +266.190950125550387 +2.036682382807288 -0.000005059217007 +1.330576084470452 -0.000000334662600 +2.036690983310726 +0.000000000000000 +1.330576653385926 +0.000000000000000 +1.330576653385926 +0.000000000000000 +2.036690983310726 +0.000000000000000
 28  19 +0.932352941176471 +0.105882352941176 +0.060000000000000 +0.695595970448719 +256.519864059314386 +2.036682377732293 -0.000005050579764 +1.330576084134746 -0.000000334091254 +2.036690983310726 +0.000000000000000 +1.330576653385926 +0.000000000000000 +1.330576653385926 +0.000000000000000 +2.036690983310726 +0.000000000000000
 28  20 +0.932352941176471 +0.108823529411765 +0.060000000000000 +0.698207053185580 +251.444783811593510 +2.036682372672603 -0.000005041948755 +1.330576083800052 -0.000000333520321 +2.036690983310726 +0.000000000000000 +1.330576653385926 +0.000000000000000 +1.330576653385926 +0.000000000000000 +2.036690983310726 +0.000000000000000
 29   0 +0.935294117647059 +0.050000000000000 +0.060000000000000 +0.566084235874219 +523.236910804281592 +2.028267303955089 -0.000005175410123 +1.339716826360074 -0.000000355802243 +2.028275833006401 +0.000000000000000 +1.339717412720482 +0.000000000000000 +1.339717412720482 +0.000000000000000 +2.028275833006401 +0.000000000000000
 29   1 +0.935294117647059 +0.052941176470588 +0.060000000000000 +0.575570471696059 +496.696114819923991 +2.028267298620174 -0.000005166607974 +1.339716825993307 -0.000000355197108 +2.028275833006401 +0.000000000000000 +1.339717412720482 +0.000000000000000 +1.339717412720482 +0.000000000000000 +2.028275833006401 +0.000000000000000
 29   2 +0.935294117647059 +0.055882352941176 +0.060000000000000 +0.584604824741137 +475.447358893800072 +2.028267293300599 -0.000005157810684 +1.339716825627593 -0.000000354592306 +2.028275833006401 +0.000000000000000 +1.339717412720482 +0.000000000000000 +1.339717412720482 +0.000000000000000 +2.028275833006401 +0.000000000000000
 29   3 +0.935294117647059 +0.058823529411765 +0.060000000000000 +0.593325403249233 +449.176231478407317 +2.028267287996382 -0.000005149018355 +1.339716825262936 -0.000000353987846 +2.028275833006401 +0.000000000000000 +1.339717412720482 +0.000000000000000 +1.339717412720482 +0.000000000000000 +2.028275833006401 +0.000000000000000
 29   4 +0.935294117647059 +0.061764705882353 +0.060000000000000 +0.601738403027850 +427.820963860994993 +2.028267282707540 -0.000005140231086 +1.339716824899335 -0.000000353383733 +2.028275833006401 +0.000000000000000 +1.339717412720482 +0.000000000000000 +1.339717412720482 +0.000000000000000 +2.028275833006401 +0.000000000000000
 29   5 +0.935294117647059 +0.064705882352941 +0.060000000000000 +0.609851043252756 +412.050925171110237 +2.028267277434086 -0.000005131448976 +1.339716824536793 -0.000000352779976 +2.028275833006401 +0.000000000000000 +1.339717412720482 +0.000000000000000 +1.339717412720482 +0.000000000000000 +2.028275833006401 +0.000000000000000
 29   6 +0.935294117647059 +0.067647058823529 +0.060000000000000 +0.617658947644508 +391.032156625401853 +2.028267272176037 -0.000005122672126 +1.339716824175309 -0.000000352176579 +2.028275833006401 +0.000000000000000 +1.339717412720482 +0.000000000000000 +1.339717412720482 +0.000000000000000 +2.028275833006401 +0.000000000000000
 29   7 +0.935294117647059 +0.070588235294118 +0.060000000000000 +0.625115048353546 +380.147193671533387 +2.028267266933407 -0.000005113900634 +1.339716823814886 -0.000000351573552 +2.028275833006401 +0.000000000000000 +1.339717412720482 +0.000000000000000 +1.339717412720482 +0.000000000000000 +2.028275833006401 +0.000000000000000
 29   8 +0.935294117647059 +0.073529411764706 +0.060000000000000 +0.632305711469055 +364.160871152029983 +2.028267261706210 -0.000005105134599 +1.339716823455523 -0.000000350970899 +2.028275833006401 +0.000000000000000 +1.339717412720482 +0.000000000000000 +1.339717412720482 +0.000000000000000 +2.028275833006401 +0.000000000000000
 29   9 +0.935294117647059 +0.076470588235294 +0.060000000000000 +0.639238673764512 +348.891696255800525 +2.028267256494459 -0.000005096374118 +1.339716823097222 -0.000000350368628 +2.028275833006401 +0.000000000000000 +1.339717412720482 +0.000000000000000 +1.339717412720482 +0.000000000000000 +2.028275833006401 +0.000000000000000
 29  10 +0.935294117647059 +0.079411764705882 +0.060000000000000 +0.645921888992116 +338.521294083109751 +2.028267251298168 -0.000005087619290 +1.339716822739984 -0.000000349766746 +2.028275833006401 +0.000000000000000 +1.339717412720482 +0.000000000000000 +1.339717412720482 +0.000000000000000 +2.028275833006401 +0.000000000000000
 29  11 +0.935294117647059 +0.082352941176471 +0.060000000000000 +0.652363380737639 +327.195922802132714 +2.028267246117348 -0.000005078870212 +1.339716822383810 -0.000000349165259 +2.028275833006401 +0.000000000000000 +1.339717412720482 +0.000000000000000 +1.339717412720482 +0.000000000000000 +2.028275833006401 +0.000000000000000
 29  12 +0.935294117647059 +0.085294117647059 +0.060000000000000 +0.658571150612724 +316.836502445732094 +2.028267240952011 -0.000005070126980 +1.339716822028701 -0.000000348564174 +2.028275833006401 +0.000000000000000 +1.339717412720482 +0.000000000000000 +1.339717412720482 +0.000000000000000 +2.028275833006401 +0.000000000000000
 29  13 +0.935294117647059 +0.088235294117647 +0.060000000000000 +0.662818238411153 +306.741100523935984 +2.028267235802168 -0.000005061389691 +1.339716821674656 -0.000000347963497 +2.028275833006401 +0.000000000000000 +1.339717412720482 +0.000000000000000 +1.339717412720482 +0.000000000000000 +2.028275833006401 +0.000000000000000
 29  14 +0.935294117647059 +0.091176470588235 +0.060000000000000 +0.665712995342706 +296.043372770128599 +2.028267230667829 -0.000005052658441 +1.339716821321677 -0.000000347363236 +2.028275833006401 +0.000000000000000 +1.339717412720482 +0.000000000000000 +1.339717412720482 +0.000000000000000 +2.028275833006401 +0.000000000000000
 29  15 +0.935294117647059 +0.094117647058824 +0.060000000000000 +0.668578499203404 +285.724150916280450 +2.028267225549004 -0.000005043933327 +1.339716820969765 -0.000000346763397 +2.028275833006401 +0.000000000000000 +1.339717412720482 +0.000000000000000 +1.339717412720482 +0.000000000000000 +2.028275833006401 +0.000000000000000
 29  16 +0.935294117647059 +0.097058823529412 +0.060000000000000 +0.671433685309966 +280.183273639492654 +2.028267220445704 -0.000005035214442 +1.339716820618921 -0.000000346163985 +2.028275833006401 +0.000000000000000 +1.339717412720482 +0.000000000000000 +1.339717412720482 +0.000000000000000 +2.028275833006401 +0.000000000000000
 29  17 +0.935294117647059 +0.100000000000000 +0.060000000000000 +0.674174056690898 +274.672150825220285 +2.028267215357936 -0.000005026501883 +1.339716820269144 -0.000000345565009 +2.028275833006401 +0.000000000000000 +1.339717412720482 +0.000000000000000 +1.339717412720482 +0.000000000000000 +2.028275833006401 +0.000000000000000
 29  18 +0.935294117647059 +0.102941176470588 +0.060000000000000 +0.676917879866198 +264.685306770786895 +2.028267210285709 -0.000005017795742 +1.339716819920435 -0.000000344966474 +2.028275833006401 +0.000000000000000 +1.339717412720482 +0.000000000000000 +1.339717412720482 +0.000000000000000 +2.028275833006401 +0.000000000000000
 29  19 +0.935294117647059 +0.105882352941176 +0.060000000000000 +0.679613848469430 +258.724285096349718 +2.028267205229031 -0.000005009096115 +1.339716819572796 -0.000000344368387 +2.028275833006401 +0.000000000000000 +1.339717412720482 +0.000000000000000 +1.339717412720482 +0.000000000000000 +2.028275833006401 +0.000000000000000
 29  20 +0.935294117647059 +0.108823529411765 +0.060000000000000 +0.682232308384861 +253.458421401556393 +2.028267200187909 -0.000005000403095 +1.339716819226225 -0.000000343770754 +2.028275833006401 +0.000000000000000 +1.339717412720482 +0.000000000000000 +1.339717412720482 +0.000000000000000 +2.028275833006401 +0.000000000000000
 29  21 +0.935294117647059 +0.111764705882353 +0.060000000000000 +0.684846301648813 +244.313185689164186 +2.028267195162348 -0.000004991716774 +1.339716818880725 -0.000000343173581 +2.028275833006401 +0.000000000000000 +1.339717412720482 +0.000000000000000 +1.339717412720482 +0.000000000000000 +2.028275833006401 +0.000000000000000
 29  22 +0.935294117647059 +0.114705882352941 +0.060000000000000 +0.687403429590127 +242.946443467021766 +2.028267190152356 -0.000004983037246 +1.339716818536295 -0.000000342576876 +2.028275833006401 +0.000000000000000 +1.339717412720482 +0.000000000000000 +1.339717412720482 +0.000000000000000 +2.028275833006401 +0.000000000000000
 29  23 +0.935294117647059 +0.117647058823529 +0.060000000000000 +0.689894924693354 +237.367301247418425 +2.028267185157937 -0.000004974364601 +1.339716818192936 -0.000000341980643 +2.028275833006401 +0.000000000000000 +1.339717412720482 +0.000000000000000 +1.339717412720482 +0.000000000000000 +2.028275833006401 +0.000000000000000
 29  24 +0.935294117647059 +0.120588235294118 +0.060000000000000 +0.692377018206092 +227.932626236214134 +2.028267180179097 -0.000004965698933 +1.339716817850647 -0.000000341384891 +2.028275833006401 +0.000000000000000 +1.339717412720482 +0.000000000000000 +1.339717412720482 +0.000000000000000 +2.028275833006401 +0.000000000000000
 29  25 +0.935294117647059 +0.123529411764706 +0.060000000000000 +0.694812914195692 +222.619164279212583 +2.028267175215841 -0.000004957040332 +1.339716817509431 -0.000000340789624 +2.028275833006401 +0.000000000000000 +1.339717412720482 +0.000000000000000 +1.339717412720482 +0.000000000000000 +2.028275833006401 +0.000000000000000
 29  26 +0.935294117647059 +0.126470588235294 +0.060000000000000 +0.697176974238973 +217.587081698820327 +2.028267170268171 -0.000004948388889 +1.339716817169285 -0.000000340194849 +2.028275833006401 +0.000000000000000 +1.339717412720482 +0.000000000000000 +1.339717412720482 +0.000000000000000 +2.028275833006401 +0.000000000000000
 29  27 +0.935294117647059 +0.129411764705882 +0.060000000000000 +0.699528647054456 +216.799056826056017 +2.028267165336091 -0.000004939744693 +1.339716816830211 -0.000000339600573 +2.028275833006401 +0.000000000000000 +1.339717412720482 +0.000000000000000 +1.339717412720482 +0.000000000000000 +2.028275833006401 +0.000000000000000
 30   0 +0.938235294117647 +0.050000000000000 +0.060000000000000 +0.552135094559404 +523.118209597314603 +2.019630933892972 -0.000005133242632 +1.349076809424989 -0.000000367175761 +2.019639486131544 +0.000000000000000 +1.349077421158143 +0.000000000000000 +1.349077421158143 +0.000000000000000 +2.019639486131544 +0.000000000000000
 30   1 +0.938235294117647 +0.052941176470588 +0.060000000000000 +0.561656102000256 +497.572275675897345 +2.019630928573118 -0.000005124369064 +1.349076809044465 -0.000000366541044 +2.019639486131544 +0.000000000000000 +1.349077421158143 +0.000000000000000 +1.349077421158143 +0.000000000000000 +2.019639486131544 +0.000000000000000
 30   2 +0.938235294117647 +0.055882352941176 +0.060000000000000 +0.570832320809675 +475.589348339890762 +2.019630923268887 -0.000005115500722 +1.349076808665059 -0.000000365906700 +2.019639486131544 +0.000000000000000 +1.349077421158143 +0.000000000000000 +1.349077421158143 +0.000000000000000 +2.019639486131544 +0.000000000000000
 30   3 +0.938235294117647 +0.058823529411765 +0.060000000000000 +0.579612413353102 +448.352744565875071 +2.019630917980295 -0.000005106637709 +1.349076808286771 -0.000000365272737 +2.019639486131544 +0.000000000000000 +1.349077421158143 +0.000000000000000 +1.349077421158143 +0.000000000000000 +2.019639486131544 +0.000000000000000
 30   4 +0.938235294117647 +0.061764705882353 +0.060000000000000 +0.588018979325775 +426.814649925318008 +2.019630912707358 -0.000005097780128 +1.349076807909603 -0.000000364639163 +2.019639486131544 +0.000000000000000 +1.349077421158143 +0.000000000000000 +1.349077421158143 +0.000000000000000 +2.019639486131544 +0.000000000000000
 30   5 +0.938235294117647 +0.064705882352941 +0.060000000000000 +0.596119908506132 +411.473389779356296 +2.019630907450088 -0.000005088928079 +1.349076807533556 -0.000000364005985 +2.019639486131544 +0.000000000000000 +1.349077421158143 +0.000000000000000 +1.349077421158143 +0.000000000000000 +2.019639486131544 +0.000000000000000
 30   6 +0.938235294117647 +0.067647058823529 +0.060000000000000 +0.603923790272341 +394.093219852024049 +2.019630902208502 -0.000005080081665 +1.349076807158630 -0.000000363373210 +2.019639486131544 +0.000000000000000 +1.349077421158143 +0.000000000000000 +1.349077421158143 +0.000000000000000 +2.019639486131544 +0.000000000000000
 30   7 +0.938235294117647 +0.070588235294118 +0.060000000000000 +0.611439570646413 +379.320381341955681 +2.019630896982612 -0.000005071240985 +1.349076806784827 -0.000000362740845 +2.019639486131544 +0.000000000000000 +1.349077421158143 +0.000000000000000 +1.349077421158143 +0.000000000000000 +2.019639486131544 +0.000000000000000
 30   8 +0.938235294117647 +0.073529411764706 +0.060000000000000 +0.618642673977194 +362.489653541402561 +2.019630891772430 -0.000005062406141 +1.349076806412148 -0.000000362108897 +2.019639486131544 +0.000000000000000 +1.349077421158143 +0.000000000000000 +1.349077421158143 +0.000000000000000 +2.019639486131544 +0.000000000000000
 30   9 +0.938235294117647 +0.076470588235294 +0.060000000000000 +0.625543135866668 +347.648039765220574 +2.019630886577970 -0.000005053577231 +1.349076806040594 -0.000000361477374 +2.019639486131544 +0.000000000000000 +1.349077421158143 +0.000000000000000 +1.349077421158143 +0.000000000000000 +2.019639486131544 +0.000000000000000
 30  10 +0.938235294117647 +0.079411764705882 +0.060000000000000 +0.632192092599150 +337.238460038487801 +2.019630881399242 -0.000005044754357 +1.349076805670164 -0.000000360846282 +2.019639486131544 +0.000000000000000 +1.349077421158143 +0.000000000000000 +1.349077421158143 +0.000000000000000 +2.019639486131544 +0.000000000000000
 30  11 +0.938235294117647 +0.082352941176471 +0.060000000000000 +0.638597885569167 +326.175179721796383 +2.019630876236258 -0.000005035937616 +1.349076805300861 -0.000000360215630 +2.019639486131544 +0.000000000000000 +1.349077421158143 +0.000000000000000 +1.349077421158143 +0.000000000000000 +2.019639486131544 +0.000000000000000
 30  12 +0.938235294117647 +0.085294117647059 +0.060000000000000 +0.643172353612356 +315.409982352286931 +2.019630871089028 -0.000005027127108 +1.349076804932685 -0.000000359585423 +2.019639486131544 +0.000000000000000 +1.349077421158143 +0.000000000000000 +1.349077421158143 +0.000000000000000 +2.019639486131544 +0.000000000000000
 30  13 +0.938235294117647 +0.088235294117647 +0.060000000000000 +0.646190768047268 +305.228518837506101 +2.019630865957562 -0.000005018322931 +1.349076804565636 -0.000000358955669 +2.019639486131544 +0.000000000000000 +1.349077421158143 +0.000000000000000 +1.349077421158143 +0.000000000000000 +2.019639486131544 +0.000000000000000
 30  14 +0.938235294117647 +0.091176470588235 +0.060000000000000 +0.649194819762840 +297.806510388306265 +2.019630860841870 -0.000005009525182 +1.349076804199716 -0.000000358326374 +2.019639486131544 +0.000000000000000 +1.349077421158143 +0.000000000000000 +1.349077421158143 +0.000000000000000 +2.019639486131544 +0.000000000000000
 30  15 +0.938235294117647 +0.094117647058824 +0.060000000000000 +0.652082691011818 +287.777319236659991 +2.019630855741959 -0.000005000733959 +1.349076803834924 -0.000000357697547 +2.019639486131544 +0.000000000000000 +1.349077421158143 +0.000000000000000 +1.349077421158143 +0.000000000000000 +2.019639486131544 +0.000000000000000
 30  16 +0.938235294117647 +0.097058823529412 +0.060000000000000 +0.654976802323700 +283.069107049202898 +2.019630850657839 -0.000004991949358 +1.349076803471262 -0.000000357069193 +2.019639486131544 +0.000000000000000 +1.349077421158143 +0.000000000000000 +1.349077421158143 +0.000000000000000 +2.019639486131544 +0.000000000000000
 30  17 +0.938235294117647 +0.100000000000000 +0.060000000000000 +0.657799029262356 +273.013842293058474 +2.019630845589516 -0.000004983171477 +1.349076803108730 -0.000000356441320 +2.019639486131544 +0.000000000000000 +1.349077421158143 +0.000000000000000 +1.349077421158143 +0.000000000000000 +2.019639486131544 +0.000000000000000
 30  18 +0.938235294117647 +0.102941176470588 +0.060000000000000 +0.660560844446471 +265.942215330192141 +2.019630840536998 -0.000004974400412 +1.349076802747329 -0.000000355813934 +2.019639486131544 +0.000000000000000 +1.349077421158143 +0.000000000000000 +1.349077421158143 +0.000000000000000 +2.019639486131544 +0.000000000000000
 30  19 +0.938235294117647 +0.105882352941176 +0.060000000000000 +0.663319192387606 +256.279188436183972 +2.019630835500291 -0.000004965636256 +1.349076802387058 -0.000000355187043 +2.019639486131544 +0.000000000000000 +1.349077421158143 +0.000000000000000 +1.349077421158143 +0.000000000000000 +2.019639486131544 +0.000000000000000
 30  20 +0.938235294117647 +0.108823529411765 +0.060000000000000 +0.665982750107966 +251.559079044435123 +2.019630830479400 -0.000004956879107 +1.349076802027918 -0.000000354560653 +2.019639486131544 +0.000000000000000 +1.349077421158143 +0.000000000000000 +1.349077421158143 +0.000000000000000 +2.019639486131544 +0.000000000000000
 30  21 +0.938235294117647 +0.111764705882353 +0.060000000000000 +0.668611149108876 +245.700530552055284 +2.019630825474332 -0.000004948129058 +1.349076801669911 -0.000000353934770 +2.019639486131544 +0.000000000000000 +1.349077421158143 +0.000000000000000 +1.349077421158143 +0.000000000000000 +2.019639486131544 +0.000000000000000
 30  22 +0.938235294117647 +0.114705882352941 +0.060000000000000 +0.671230067245460 +241.083652590887766 +2.019630820485091 -0.000004939386203 +1.349076801313035 -0.000000353309403 +2.019639486131544 +0.000000000000000 +1.349077421158143 +0.000000000000000 +1.349077421158143 +0.000000000000000 +2.019639486131544 +0.000000000000000
 30  23 +0.938235294117647 +0.117647058823529 +0.060000000000000 +0.673755253056928 +234.700772842691492 +2.019630815511680 -0.000004930650636 +1.349076800957292 -0.000000352684556 +2.019639486131544 +0.000000000000000 +1.349077421158143 +0.000000000000000 +1.349077421158143 +0.000000000000000 +2.019639486131544 +0.000000000000000
 30  24 +0.938235294117647 +0.120588235294118 +0.060000000000000 +0.676248712008204 +230.405520391534480 +2.019630810554104 -0.000004921922449 +1.349076800602682 -0.000000352060238 +2.019639486131544 +0.000000000000000 +1.349077421158143 +0.000000000000000 +1.349077421158143 +0.000000000000000 +2.019639486131544 +0.000000000000000
 30  25 +0.938235294117647 +0.123529411764706 +0.060000000000000 +0.678729054333113 +224.026220970748540 +2.019630805612365 -0.000004913201736 +1.349076800249204 -0.000000351436454 +2.019639486131544 +0.000000000000000 +1.349077421158143 +0.000000000000000 +1.349077421158143 +0.000000000000000 +2.019639486131544 +0.000000000000000
 30  26 +0.938235294117647 +0.126470588235294 +0.060000000000000 +0.681133196252457 +219.748618124481652 +2.019630800686466 -0.000004904488589 +1.349076799896860 -0.000000350813211 +2.019639486131544 +0.000000000000000 +1.349077421158143 +0.000000000000000 +1.349077421158143 +0.000000000000000 +2.019639486131544 +0.000000000000000
 30  27 +0.938235294117647 +0.129411764705882 +0.060000000000000 +0.683493584629856 +214.160595795784047 +2.019630795776409 -0.000004895783099 +1.349076799545648 -0.000000350190516 +2.019639486131544 +0.000000000000000 +1.349077421158143 +0.000000000000000 +1.349077421158143 +0.000000000000000 +2.019639486131544 +0.000000000000000
 30  28 +0.938235294117647 +0.132352941176471 +0.060000000000000 +0.685838768449334 +209.695705117504701 +2.019630790882196 -0.000004887085356 +1.349076799195570 -0.000000349568375 +2.019639486131544 +0.000000000000000 +1.349077421158143 +0.000000000000000 +1.349077421158143 +0.000000000000000 +2.019639486131544 +0.000000000000000
 30  29 +0.938235294117647 +0.135294117647059 +0.060000000000000 +0.688136446213069 +209.123435741053413 +2.019630786003825 -0.000004878395453 +1.349076798846625 -0.000000348946795 +2.019639486131544 +0.000000000000000 +1.349077421158143 +0.000000000000000 +1.349077421158143 +0.000000000000000 +2.019639486131544 +0.000000000000000
 30  30 +0.938235294117647 +0.138235294117647 +0.060000000000000 +0.690367561874711 +202.995111658608266 +2.019630781141299 -0.000004869713478 +1.349076798498813 -0.000000348325782 +2.019639486131544 +0.000000000000000 +1.349077421158143 +0.000000000000000 +1.349077421158143 +0.000000000000000 +2.019639486131544 +0.000000000000000
 30  31 +0.938235294117647 +0.141176470588235 +0.060000000000000 +0.692582406049228 +199.088087469390757 +2.019630776294617 -0.000004861039521 +1.349076798152135 -0.000000347705342 +2.019639486131544 +0.000000000000000 +1.349077421158143 +0.000000000000000 +1.349077421158143 +0.000000000000000 +2.019639486131544 +0.000000000000000
 30  32 +0.938235294117647 +0.144117647058824 +0.060000000000000 +0.694779279039276 +193.236843305786067 +2.019630771463778 -0.000004852373671 +1.349076797806589 -0.000000347085482 +2.019639486131544 +0.000000000000000 +1.349077421158143 +0.000000000000000 +1.349077421158143 +0.000000000000000 +2.019639486131544 +0.000000000000000
 30  33 +0.938235294117647 +0.147058823529412 +0.060000000000000 +0.696892461805746 +192.120124578314119 +2.019630766648780 -0.000004843716016 +1.349076797462178 -0.000000346466209 +2.019639486131544 +0.000000000000000 +1.349077421158143 +0.000000000000000 +1.349077421158143 +0.000000000000000 +2.019639486131544 +0.000000000000000
 30  34 +0.938235294117647 +0.150000000000000 +0.060000000000000 +0.698982477308133 +188.255453693417792 +2.019630761849622 -0.000004835066645 +1.349076797118898 -0.000000345847528 +2.019639486131544 +0.000000000000000 +1.349077421158143 +0.000000000000000 +1.349077421158143 +0.000000000000000 +2.019639486131544 +0.000000000000000
 31   0 +0.941176470588235 +0.050000000000000 +0.060000000000000 +0.538153244120050 +524.441907431787172 +2.010754637251418 -0.000005088952009 +1.358677473763218 -0.000000379203620 +2.010763213403461 +0.000000000000000 +1.358678112815795 +0.000000000000000 +1.358678112815795 +0.000000000000000 +2.010763213403461 +0.000000000000000
 31   1 +0.941176470588235 +0.052941176470588 +0.060000000000000 +0.547704318373833 +497.572338545136290 +2.010754631948245 -0.000005080004212 +1.358677473368052 -0.000000378536874 +2.010763213403461 +0.000000000000000 +1.358678112815795 +0.000000000000000 +1.358678112815795 +0.000000000000000 +2.010763213403461 +0.000000000000000
 31   2 +0.941176470588235 +0.055882352941176 +0.060000000000000 +0.556900272921656 +470.565430279759198 +2.010754626660991 -0.000005071062037 +1.358677472974072 -0.000000377870547 +2.010763213403461 +0.000000000000000 +1.358678112815795 +0.000000000000000 +1.358678112815795 +0.000000000000000 +2.010763213403461 +0.000000000000000
 31   3 +0.941176470588235 +0.058823529411765 +0.060000000000000 +0.565749764683356 +448.324813364629051 +2.010754621389672 -0.000005062125588 +1.358677472581279 -0.000000377204647 +2.010763213403461 +0.000000000000000 +1.358678112815795 +0.000000000000000 +1.358678112815795 +0.000000000000000 +2.010763213403461 +0.000000000000000
 31   4 +0.941176470588235 +0.061764705882353 +0.060000000000000 +0.574193184925625 +431.993196450650657 +2.010754616134301 -0.000005053194970 +1.358677472189674 -0.000000376539181 +2.010763213403461 +0.000000000000000 +1.358678112815795 +0.000000000000000 +1.358678112815795 +0.000000000000000 +2.010763213403461 +0.000000000000000
 31   5 +0.941176470588235 +0.064705882352941 +0.060000000000000 +0.582282629030461 +410.500598960722698 +2.010754610894891 -0.000005044270286 +1.358677471799259 -0.000000375874158 +2.010763213403461 +0.000000000000000 +1.358678112815795 +0.000000000000000 +1.358678112815795 +0.000000000000000 +2.010763213403461 +0.000000000000000
 31   6 +0.941176470588235 +0.067647058823529 +0.060000000000000 +0.590069737332975 +394.183222907167078 +2.010754605671455 -0.000005035351639 +1.358677471410035 -0.000000375209584 +2.010763213403461 +0.000000000000000 +1.358678112815795 +0.000000000000000 +1.358678112815795 +0.000000000000000 +2.010763213403461 +0.000000000000000
 31   7 +0.941176470588235 +0.070588235294118 +0.060000000000000 +0.597564190019558 +378.019651809154709 +2.010754600464005 -0.000005026439132 +1.358677471022001 -0.000000374545468 +2.010763213403461 +0.000000000000000 +1.358678112815795 +0.000000000000000 +1.358678112815795 +0.000000000000000 +2.010763213403461 +0.000000000000000
 31   8 +0.941176470588235 +0.073529411764706 +0.060000000000000 +0.604775776688898 +366.925782238827821 +2.010754595272553 -0.000005017532867 +1.358677470635160 -0.000000373881817 +2.010763213403461 +0.000000000000000 +1.358678112815795 +0.000000000000000 +1.358678112815795 +0.000000000000000 +2.010763213403461 +0.000000000000000
 31   9 +0.941176470588235 +0.076470588235294 +0.060000000000000 +0.611679133879038 +346.186473652307257 +2.010754590097110 -0.000005008632947 +1.358677470249511 -0.000000373218639 +2.010763213403461 +0.000000000000000 +1.358678112815795 +0.000000000000000 +1.358678112815795 +0.000000000000000 +2.010763213403461 +0.000000000000000
 31  10 +0.941176470588235 +0.079411764705882 +0.060000000000000 +0.618292836627016 +340.080864314249482 +2.010754584937686 -0.000004999739473 +1.358677469865057 -0.000000372555941 +2.010763213403461 +0.000000000000000 +1.358678112815795 +0.000000000000000 +1.358678112815795 +0.000000000000000 +2.010763213403461 +0.000000000000000
 31  11 +0.941176470588235 +0.082352941176471 +0.060000000000000 +0.623051842962391 +328.967622583717116 +2.010754579794292 -0.000004990852545 +1.358677469481796 -0.000000371893731 +2.010763213403461 +0.000000000000000 +1.358678112815795 +0.000000000000000 +1.358678112815795 +0.000000000000000 +2.010763213403461 +0.000000000000000
 31  12 +0.941176470588235 +0.085294117647059 +0.060000000000000 +0.626206328905036 +313.556606729985901 +2.010754574666934 -0.000004981972265 +1.358677469099731 -0.000000371232016 +2.010763213403461 +0.000000000000000 +1.358678112815795 +0.000000000000000 +1.358678112815795 +0.000000000000000 +2.010763213403461 +0.000000000000000
 31  13 +0.941176470588235 +0.088235294117647 +0.060000000000000 +0.629266236621785 +307.757418563417559 +2.010754569555624 -0.000004973098732 +1.358677468718861 -0.000000370570804 +2.010763213403461 +0.000000000000000 +1.358678112815795 +0.000000000000000 +1.358678112815795 +0.000000000000000 +2.010763213403461 +0.000000000000000
 31  14 +0.941176470588235 +0.091176470588235 +0.060000000000000 +0.632334746440697 +297.218995885022139 +2.010754564460369 -0.000004964232045 +1.358677468339188 -0.000000369910103 +2.010763213403461 +0.000000000000000 +1.358678112815795 +0.000000000000000 +1.358678112815795 +0.000000000000000 +2.010763213403461 +0.000000000000000
 31  15 +0.941176470588235 +0.094117647058824 +0.060000000000000 +0.635282460609950 +286.410045127323883 +2.010754559381175 -0.000004955372305 +1.358677467960711 -0.000000369249918 +2.010763213403461 +0.000000000000000 +1.358678112815795 +0.000000000000000 +1.358678112815795 +0.000000000000000 +2.010763213403461 +0.000000000000000
 31  16 +0.941176470588235 +0.097058823529412 +0.060000000000000 +0.638210389864000 +280.802011863370865 +2.010754554318049 -0.000004946519610 +1.358677467583432 -0.000000368590259 +2.010763213403461 +0.000000000000000 +1.358678112815795 +0.000000000000000 +1.358678112815795 +0.000000000000000 +2.010763213403461 +0.000000000000000
 31  17 +0.941176470588235 +0.100000000000000 +0.060000000000000 +0.641111319569934 +270.981565574374486 +2.010754549270998 -0.000004937674057 +1.358677467207351 -0.000000367931132 +2.010763213403461 +0.000000000000000 +1.358678112815795 +0.000000000000000 +1.358678112815795 +0.000000000000000 +2.010763213403461 +0.000000000000000
 31  18 +0.941176470588235 +0.102941176470588 +0.060000000000000 +0.643902475125598 +265.144692306810214 +2.010754544240028 -0.000004928835744 +1.358677466832468 -0.000000367272545 +2.010763213403461 +0.000000000000000 +1.358678112815795 +0.000000000000000 +1.358678112815795 +0.000000000000000 +2.010763213403461 +0.000000000000000
 31  19 +0.941176470588235 +0.105882352941176 +0.060000000000000 +0.646688590492961 +259.169999108854427 +2.010754539225143 -0.000004920004769 +1.358677466458783 -0.000000366614504 +2.010763213403461 +0.000000000000000 +1.358678112815795 +0.000000000000000 +1.358678112815795 +0.000000000000000 +2.010763213403461 +0.000000000000000
 31  20 +0.941176470588235 +0.108823529411765 +0.060000000000000 +0.649422110569085 +249.153686290396536 +2.010754534226348 -0.000004911181228 +1.358677466086297 -0.000000365957017 +2.010763213403461 +0.000000000000000 +1.358678112815795 +0.000000000000000 +1.358678112815795 +0.000000000000000 +2.010763213403461 +0.000000000000000
 31  21 +0.941176470588235 +0.111764705882353 +0.060000000000000 +0.652074567274074 +243.865964647208216 +2.010754529243646 -0.000004902365218 +1.358677465715011 -0.000000365300092 +2.010763213403461 +0.000000000000000 +1.358678112815795 +0.000000000000000 +1.358678112815795 +0.000000000000000 +2.010763213403461 +0.000000000000000
 31  22 +0.941176470588235 +0.114705882352941 +0.060000000000000 +0.654716318536874 +238.739149094901848 +2.010754524277041 -0.000004893556833 +1.358677465344924 -0.000000364643734 +2.010763213403461 +0.000000000000000 +1.358678112815795 +0.000000000000000 +1.358678112815795 +0.000000000000000 +2.010763213403461 +0.000000000000000
 31  23 +0.941176470588235 +0.117647058823529 +0.060000000000000 +0.657303484392530 +237.538057696647087 +2.010754519326535 -0.000004884756169 +1.358677464976037 -0.000000363987952 +2.010763213403461 +0.000000000000000 +1.358678112815795 +0.000000000000000 +1.358678112815795 +0.000000000000000 +2.010763213403461 +0.000000000000000
 31  24 +0.941176470588235 +0.120588235294118 +0.060000000000000 +0.659816622749507 +231.894992402812818 +2.010754514392131 -0.000004875963320 +1.358677464608349 -0.000000363332752 +2.010763213403461 +0.000000000000000 +1.358678112815795 +0.000000000000000 +1.358678112815795 +0.000000000000000 +2.010763213403461 +0.000000000000000
 31  25 +0.941176470588235 +0.123529411764706 +0.060000000000000 +0.662315660933015 +222.285623003366595 +2.010754509473830 -0.000004867178381 +1.358677464241862 -0.000000362678142 +2.010763213403461 +0.000000000000000 +1.358678112815795 +0.000000000000000 +1.358678112815795 +0.000000000000000 +2.010763213403461 +0.000000000000000
 31  26 +0.941176470588235 +0.126470588235294 +0.060000000000000 +0.664774463256438 +217.071316251542441 +2.010754504571632 -0.000004858401444 +1.358677463876574 -0.000000362024128 +2.010763213403461 +0.000000000000000 +1.358678112815795 +0.000000000000000 +1.358678112815795 +0.000000000000000 +2.010763213403461 +0.000000000000000
 31  27 +0.941176470588235 +0.129411764705882 +0.060000000000000 +0.667150823505631 +216.346401483937370 +2.010754499685539 -0.000004849632604 +1.358677463512487 -0.000000361370717 +2.010763213403461 +0.000000000000000 +1.358678112815795 +0.000000000000000 +1.358678112815795 +0.000000000000000 +2.010763213403461 +0.000000000000000
 31  28 +0.941176470588235 +0.132352941176471 +0.060000000000000 +0.669511170120077 +211.307010147559765 +2.010754494815549 -0.000004840871951 +1.358677463149599 -0.000000360717917 +2.010763213403461 +0.000000000000000 +1.358678112815795 +0.000000000000000 +1.358678112815795 +0.000000000000000 +2.010763213403461 +0.000000000000000
 31  29 +0.941176470588235 +0.135294117647059 +0.060000000000000 +0.671853336038327 +206.390532770795858 +2.010754489961664 -0.000004832119579 +1.358677462787911 -0.000000360065733 +2.010763213403461 +0.000000000000000 +1.358678112815795 +0.000000000000000 +1.358678112815795 +0.000000000000000 +2.010763213403461 +0.000000000000000
 31  30 +0.941176470588235 +0.138235294117647 +0.060000000000000 +0.674100695003344 +201.825398549963552 +2.010754485123880 -0.000004823375578 +1.358677462427424 -0.000000359414173 +2.010763213403461 +0.000000000000000 +1.358678112815795 +0.000000000000000 +1.358678112815795 +0.000000000000000 +2.010763213403461 +0.000000000000000
 31  31 +0.941176470588235 +0.141176470588235 +0.060000000000000 +0.676327636211222 +200.348673550108657 +2.010754480302195 -0.000004814640039 +1.358677462068135 -0.000000358763244 +2.010763213403461 +0.000000000000000 +1.358678112815795 +0.000000000000000 +1.358678112815795 +0.000000000000000 +2.010763213403461 +0.000000000000000
 31  32 +0.941176470588235 +0.144117647058824 +0.060000000000000 +0.678535943237349 +195.341392974499939 +2.010754475496609 -0.000004805913052 +1.358677461710047 -0.000000358112952 +2.010763213403461 +0.000000000000000 +1.358678112815795 +0.000000000000000 +1.358678112815795 +0.000000000000000 +2.010763213403461 +0.000000000000000
 31  33 +0.941176470588235 +0.147058823529412 +0.060000000000000 +0.680689528764092 +190.281729029569789 +2.010754470707117 -0.000004797194707 +1.358677461353158 -0.000000357463304 +2.010763213403461 +0.000000000000000 +1.358678112815795 +0.000000000000000 +1.358678112815795 +0.000000000000000 +2.010763213403461 +0.000000000000000
 31  34 +0.941176470588235 +0.150000000000000 +0.060000000000000 +0.682788961273320 +189.546337970653013 +2.010754465933716 -0.000004788485093 +1.358677460997467 -0.000000356814306 +2.010763213403461 +0.000000000000000 +1.358678112815795 +0.000000000000000 +1.358678112815795 +0.000000000000000 +2.010763213403461 +0.000000000000000
 32   0 +0.944117647058824 +0.050000000000000 +0.060000000000000 +0.524084124550922 +525.582896693320095 +2.001617493425959 -0.000005042319253 +1.368537020679328 -0.000000391966950 +2.001626094261161 +0.000000000000000 +1.368537689269112 +0.000000000000000 +1.368537689269112 +0.000000000000000 +2.001626094261161 +0.000000000000000
 32   1 +0.944117647058824 +0.052941176470588 +0.060000000000000 +0.533671482105231 +497.805273970213079 +2.001617488141295 -0.000005033294197 +1.368537020268523 -0.000000391265383 +2.001626094261161 +0.000000000000000 +1.368537689269112 +0.000000000000000 +1.368537689269112 +0.000000000000000 +2.001626094261161 +0.000000000000000
 32   2 +0.944117647058824 +0.055882352941176 +0.060000000000000 +0.542891748418299 +470.571077068974603 +2.001617482872862 -0.000005024275190 +1.368537019858979 -0.000000390564287 +2.001626094261161 +0.000000000000000 +1.368537689269112 +0.000000000000000 +1.368537689269112 +0.000000000000000 +2.001626094261161 +0.000000000000000
 32   3 +0.944117647058824 +0.058823529411765 +0.060000000000000 +0.551754824642778 +443.401696258714537 +2.001617477620673 -0.000005015262337 +1.368537019450697 -0.000000389863668 +2.001626094261161 +0.000000000000000 +1.368537689269112 +0.000000000000000 +1.368537689269112 +0.000000000000000 +2.001626094261161 +0.000000000000000
 32   4 +0.944117647058824 +0.061764705882353 +0.060000000000000 +0.560216705696696 +427.401256318653566 +2.001617472384740 -0.000005006255746 +1.368537019043680 -0.000000389163537 +2.001626094261161 +0.000000000000000 +1.368537689269112 +0.000000000000000 +1.368537689269112 +0.000000000000000 +2.001626094261161 +0.000000000000000
 32   5 +0.944117647058824 +0.064705882352941 +0.060000000000000 +0.568298841969002 +405.303113926526180 +2.001617467165076 -0.000004997255522 +1.368537018637927 -0.000000388463901 +2.001626094261161 +0.000000000000000 +1.368537689269112 +0.000000000000000 +1.368537689269112 +0.000000000000000 +2.001626094261161 +0.000000000000000
 32   6 +0.944117647058824 +0.067647058823529 +0.060000000000000 +0.576071983765096 +393.879140059164229 +2.001617461961692 -0.000004988261771 +1.368537018233439 -0.000000387764767 +2.001626094261161 +0.000000000000000 +1.368537689269112 +0.000000000000000 +1.368537689269112 +0.000000000000000 +2.001626094261161 +0.000000000000000
 32   7 +0.944117647058824 +0.070588235294118 +0.060000000000000 +0.583546632902691 +377.010190438366465 +2.001617456774599 -0.000004979274597 +1.368537017830218 -0.000000387066145 +2.001626094261161 +0.000000000000000 +1.368537689269112 +0.000000000000000 +1.368537689269112 +0.000000000000000 +2.001626094261161 +0.000000000000000
 32   8 +0.944117647058824 +0.073529411764706 +0.060000000000000 +0.590733463939505 +365.895724551896024 +2.001617451603807 -0.000004970294104 +1.368537017428265 -0.000000386368043 +2.001626094261161 +0.000000000000000 +1.368537689269112 +0.000000000000000 +1.368537689269112 +0.000000000000000 +2.001626094261161 +0.000000000000000
 32   9 +0.944117647058824 +0.076470588235294 +0.060000000000000 +0.597607795464645 +344.975064245357999 +2.001617446449326 -0.000004961320398 +1.368537017027579 -0.000000385670468 +2.001626094261161 +0.000000000000000 +1.368537689269112 +0.000000000000000 +1.368537689269112 +0.000000000000000 +2.001626094261161 +0.000000000000000
 32  10 +0.944117647058824 +0.079411764705882 +0.060000000000000 +0.602402347435413 +338.936552467199704 +2.001617441311164 -0.000004952353580 +1.368537016628161 -0.000000384973428 +2.001626094261161 +0.000000000000000 +1.368537689269112 +0.000000000000000 +1.368537689269112 +0.000000000000000 +2.001626094261161 +0.000000000000000
 32  11 +0.944117647058824 +0.082352941176471 +0.060000000000000 +0.605667423509108 +328.006627924354518 +2.001617436189331 -0.000004943393754 +1.368537016230013 -0.000000384276932 +2.001626094261161 +0.000000000000000 +1.368537689269112 +0.000000000000000 +1.368537689269112 +0.000000000000000 +2.001626094261161 +0.000000000000000
 32  12 +0.944117647058824 +0.085294117647059 +0.060000000000000 +0.608891969980891 +311.967750919014463 +2.001617431083833 -0.000004934441023 +1.368537015833135 -0.000000383580987 +2.001626094261161 +0.000000000000000 +1.368537689269112 +0.000000000000000 +1.368537689269112 +0.000000000000000 +2.001626094261161 +0.000000000000000
 32  13 +0.944117647058824 +0.088235294117647 +0.060000000000000 +0.612011537644785 +306.287549559403601 +2.001617425994678 -0.000004925495488 +1.368537015437527 -0.000000382885602 +2.001626094261161 +0.000000000000000 +1.368537689269112 +0.000000000000000 +1.368537689269112 +0.000000000000000 +2.001626094261161 +0.000000000000000
 32  14 +0.944117647058824 +0.091176470588235 +0.060000000000000 +0.615135515934224 +295.931129415657438 +2.001617420921872 -0.000004916557251 +1.368537015043191 -0.000000382190784 +2.001626094261161 +0.000000000000000 +1.368537689269112 +0.000000000000000 +1.368537689269112 +0.000000000000000 +2.001626094261161 +0.000000000000000
 32  15 +0.944117647058824 +0.094117647058824 +0.060000000000000 +0.618143323516618 +284.909341144772611 +2.001617415865422 -0.000004907626413 +1.368537014650125 -0.000000381496542 +2.001626094261161 +0.000000000000000 +1.368537689269112 +0.000000000000000 +1.368537689269112 +0.000000000000000 +2.001626094261161 +0.000000000000000
 32  16 +0.944117647058824 +0.097058823529412 +0.060000000000000 +0.621120223109285 +278.859944336243984 +2.001617410825331 -0.000004898703074 +1.368537014258331 -0.000000380802882 +2.001626094261161 +0.000000000000000 +1.368537689269112 +0.000000000000000 +1.368537689269112 +0.000000000000000 +2.001626094261161 +0.000000000000000
 32  17 +0.944117647058824 +0.100000000000000 +0.060000000000000 +0.624075089680684 +273.483549292235125 +2.001617405801605 -0.000004889787334 +1.368537013867810 -0.000000380109813 +2.001626094261161 +0.000000000000000 +1.368537689269112 +0.000000000000000 +1.368537689269112 +0.000000000000000 +2.001626094261161 +0.000000000000000
 32  18 +0.944117647058824 +0.102941176470588 +0.060000000000000 +0.626909575620801 +267.498378758308490 +2.001617400794248 -0.000004880879292 +1.368537013478561 -0.000000379417342 +2.001626094261161 +0.000000000000000 +1.368537689269112 +0.000000000000000 +1.368537689269112 +0.000000000000000 +2.001626094261161 +0.000000000000000
 32  19 +0.944117647058824 +0.105882352941176 +0.060000000000000 +0.629736273795741 +257.150283142332285 +2.001617395803264 -0.000004871979047 +1.368537013090584 -0.000000378725478 +2.001626094261161 +0.000000000000000 +1.368537689269112 +0.000000000000000 +1.368537689269112 +0.000000000000000 +2.001626094261161 +0.000000000000000
 32  20 +0.944117647058824 +0.108823529411765 +0.060000000000000 +0.632515756842876 +251.661350047103298 +2.001617390828655 -0.000004863086698 +1.368537012703881 -0.000000378034227 +2.001626094261161 +0.000000000000000 +1.368537689269112 +0.000000000000000 +1.368537689269112 +0.000000000000000 +2.001626094261161 +0.000000000000000
 32  21 +0.944117647058824 +0.111764705882353 +0.060000000000000 +0.635204213252303 +241.972519049825166 +2.001617385870424 -0.000004854202343 +1.368537012318450 -0.000000377343597 +2.001626094261161 +0.000000000000000 +1.368537689269112 +0.000000000000000 +1.368537689269112 +0.000000000000000 +2.001626094261161 +0.000000000000000
 32  22 +0.944117647058824 +0.114705882352941 +0.060000000000000 +0.637879776541339 +240.929491254870754 +2.001617380928571 -0.000004845326077 +1.368537011934293 -0.000000376653597 +2.001626094261161 +0.000000000000000 +1.368537689269112 +0.000000000000000 +1.368537689269112 +0.000000000000000 +2.001626094261161 +0.000000000000000
 32  23 +0.944117647058824 +0.117647058823529 +0.060000000000000 +0.640505800256023 +235.375605237944001 +2.001617376003098 -0.000004836457999 +1.368537011551409 -0.000000375964233 +2.001626094261161 +0.000000000000000 +1.368537689269112 +0.000000000000000 +1.368537689269112 +0.000000000000000 +2.001626094261161 +0.000000000000000
 32  24 +0.944117647058824 +0.120588235294118 +0.060000000000000 +0.643048946634987 +230.138503166368764 +2.001617371094007 -0.000004827598203 +1.368537011169799 -0.000000375275513 +2.001626094261161 +0.000000000000000 +1.368537689269112 +0.000000000000000 +1.368537689269112 +0.000000000000000 +2.001626094261161 +0.000000000000000
 32  25 +0.944117647058824 +0.123529411764706 +0.060000000000000 +0.645576208137354 +224.280146271524274 +2.001617366201295 -0.000004818746786 +1.368537010789462 -0.000000374587444 +2.001626094261161 +0.000000000000000 +1.368537689269112 +0.000000000000000 +1.368537689269112 +0.000000000000000 +2.001626094261161 +0.000000000000000
 32  26 +0.944117647058824 +0.126470588235294 +0.060000000000000 +0.648067485657967 +219.214415838470416 +2.001617361324963 -0.000004809903843 +1.368537010410398 -0.000000373900034 +2.001626094261161 +0.000000000000000 +1.368537689269112 +0.000000000000000 +1.368537689269112 +0.000000000000000 +2.001626094261161 +0.000000000000000
 32  27 +0.944117647058824 +0.129411764705882 +0.060000000000000 +0.650468860077651 +213.877946226327140 +2.001617356465009 -0.000004801069468 +1.368537010032607 -0.000000373213290 +2.001626094261161 +0.000000000000000 +1.368537689269112 +0.000000000000000 +1.368537689269112 +0.000000000000000 +2.001626094261161 +0.000000000000000
 32  28 +0.944117647058824 +0.132352941176471 +0.060000000000000 +0.652852723014364 +208.988374487556769 +2.001617351621432 -0.000004792243754 +1.368537009656090 -0.000000372527219 +2.001626094261161 +0.000000000000000 +1.368537689269112 +0.000000000000000 +1.368537689269112 +0.000000000000000 +2.001626094261161 +0.000000000000000
 32  29 +0.944117647058824 +0.135294117647059 +0.060000000000000 +0.655216999303490 +208.334230516116492 +2.001617346794230 -0.000004783426795 +1.368537009280845 -0.000000371841829 +2.001626094261161 +0.000000000000000 +1.368537689269112 +0.000000000000000 +1.368537689269112 +0.000000000000000 +2.001626094261161 +0.000000000000000
 32  30 +0.944117647058824 +0.138235294117647 +0.060000000000000 +0.657489779577598 +203.103505097643676 +2.001617341983398 -0.000004774618683 +1.368537008906873 -0.000000371157126 +2.001626094261161 +0.000000000000000 +1.368537689269112 +0.000000000000000 +1.368537689269112 +0.000000000000000 +2.001626094261161 +0.000000000000000
 32  31 +0.944117647058824 +0.141176470588235 +0.060000000000000 +0.659736221807354 +198.322730141552995 +2.001617337188933 -0.000004765819511 +1.368537008534173 -0.000000370473118 +2.001626094261161 +0.000000000000000 +1.368537689269112 +0.000000000000000 +1.368537689269112 +0.000000000000000 +2.001626094261161 +0.000000000000000
 32  32 +0.944117647058824 +0.144117647058824 +0.060000000000000 +0.661962821261716 +197.278234716637314 +2.001617332410832 -0.000004757029370 +1.368537008162745 -0.000000369789813 +2.001626094261161 +0.000000000000000 +1.368537689269112 +0.000000000000000 +1.368537689269112 +0.000000000000000 +2.001626094261161 +0.000000000000000
 32  33 +0.944117647058824 +0.147058823529412 +0.060000000000000 +0.664136894962811 +191.904207155736117 +2.001617327649089 -0.000004748248351 +1.368537007792589 -0.000000369107216 +2.001626094261161 +0.000000000000000 +1.368537689269112 +0.000000000000000 +1.368537689269112 +0.000000000000000 +2.001626094261161 +0.000000000000000
 32  34 +0.944117647058824 +0.150000000000000 +0.060000000000000 +0.666252370283380 +187.169674357614014 +2.001617322903699 -0.000004739476543 +1.368537007423704 -0.000000368425336 +2.001626094261161 +0.000000000000000 +1.368537689269112 +0.000000000000000 +1.368537689269112 +0.000000000000000 +2.001626094261161 +0.000000000000000
 33   0 +0.947058823529412 +0.050000000000000 +0.060000000000000 +0.509930936689438 +526.419254276224365 +1.992195496396073 -0.000004993087340 +1.378685488706866 -0.000000405571235 +1.992204122729486 +0.000000000000000 +1.378686189394128 +0.000000000000000 +1.378686189394128 +0.000000000000000 +1.992204122729486 +0.000000000000000
 33   1 +0.947058823529412 +0.052941176470588 +0.060000000000000 +0.519550208689674 +493.686994400855951 +1.992195491131992 -0.000004983981746 +1.378685488279283 -0.000000404831619 +1.992204122729486 +0.000000000000000 +1.378686189394128 +0.000000000000000 +1.378686189394128 +0.000000000000000 +1.992204122729486 +0.000000000000000
 33   2 +0.947058823529412 +0.055882352941176 +0.060000000000000 +0.528789995663978 +466.020086810866189 +1.992195485884470 -0.000004974882662 +1.378685487853045 -0.000000404092532 +1.992204122729486 +0.000000000000000 +1.378686189394128 +0.000000000000000 +1.378686189394128 +0.000000000000000 +1.992204122729486 +0.000000000000000
 33   3 +0.947058823529412 +0.058823529411765 +0.060000000000000 +0.537661335203012 +448.491323714664247 +1.992195480653518 -0.000004965790199 +1.378685487428153 -0.000000403353983 +1.992204122729486 +0.000000000000000 +1.378686189394128 +0.000000000000000 +1.378686189394128 +0.000000000000000 +1.992204122729486 +0.000000000000000
 33   4 +0.947058823529412 +0.061764705882353 +0.060000000000000 +0.546093499695923 +426.937278902756475 +1.992195475439147 -0.000004956704463 +1.378685487004607 -0.000000402615980 +1.992204122729486 +0.000000000000000 +1.378686189394128 +0.000000000000000 +1.378686189394128 +0.000000000000000 +1.992204122729486 +0.000000000000000
 33   5 +0.947058823529412 +0.064705882352941 +0.060000000000000 +0.554164129270284 +404.706389651017730 +1.992195470241368 -0.000004947625563 +1.378685486582410 -0.000000401878532 +1.992204122729486 +0.000000000000000 +1.378686189394128 +0.000000000000000 +1.378686189394128 +0.000000000000000 +1.992204122729486 +0.000000000000000
 33   6 +0.947058823529412 +0.067647058823529 +0.060000000000000 +0.561918739149965 +393.301205052306159 +1.992195465060192 -0.000004938553607 +1.378685486161561 -0.000000401141648 +1.992204122729486 +0.000000000000000 +1.378686189394128 +0.000000000000000 +1.378686189394128 +0.000000000000000 +1.992204122729486 +0.000000000000000
 33   7 +0.947058823529412 +0.070588235294118 +0.060000000000000 +0.569368770819177 +376.510848789116096 +1.992195459895627 -0.000004929488702 +1.378685485742061 -0.000000400405338 +1.992204122729486 +0.000000000000000 +1.378686189394128 +0.000000000000000 +1.378686189394128 +0.000000000000000 +1.992204122729486 +0.000000000000000
 33   8 +0.947058823529412 +0.073529411764706 +0.060000000000000 +0.576525643606395 +365.390013154304427 +1.992195454747682 -0.000004920430954 +1.378685485323911 -0.000000399669608 +1.992204122729486 +0.000000000000000 +1.378686189394128 +0.000000000000000 +1.378686189394128 +0.000000000000000 +1.992204122729486 +0.000000000000000
 33   9 +0.947058823529412 +0.076470588235294 +0.060000000000000 +0.581216590592673 +348.668021278149922 +1.992195449616365 -0.000004911380470 +1.378685484907112 -0.000000398934468 +1.992204122729486 +0.000000000000000 +1.378686189394128 +0.000000000000000 +1.378686189394128 +0.000000000000000 +1.992204122729486 +0.000000000000000
 33  10 +0.947058823529412 +0.079411764705882 +0.060000000000000 +0.584589864218185 +337.672024571289228 +1.992195444501683 -0.000004902337354 +1.378685484491664 -0.000000398199927 +1.992204122729486 +0.000000000000000 +1.378686189394128 +0.000000000000000 +1.378686189394128 +0.000000000000000 +1.992204122729486 +0.000000000000000
 33  11 +0.947058823529412 +0.082352941176471 +0.060000000000000 +0.587929852070182 +326.741312732718825 +1.992195439403643 -0.000004893301712 +1.378685484077568 -0.000000397465993 +1.992204122729486 +0.000000000000000 +1.378686189394128 +0.000000000000000 +1.378686189394128 +0.000000000000000 +1.992204122729486 +0.000000000000000
 33  12 +0.947058823529412 +0.085294117647059 +0.060000000000000 +0.591215888046663 +310.808359947497934 +1.992195434322252 -0.000004884273649 +1.378685483664824 -0.000000396732675 +1.992204122729486 +0.000000000000000 +1.378686189394128 +0.000000000000000 +1.378686189394128 +0.000000000000000 +1.992204122729486 +0.000000000000000
 33  13 +0.947058823529412 +0.088235294117647 +0.060000000000000 +0.594401388852064 +304.704942126838773 +1.992195429257514 -0.000004875253267 +1.378685483253433 -0.000000395999981 +1.992204122729486 +0.000000000000000 +1.378686189394128 +0.000000000000000 +1.378686189394128 +0.000000000000000 +1.992204122729486 +0.000000000000000
 33  14 +0.947058823529412 +0.091176470588235 +0.060000000000000 +0.597586681196904 +298.960662772562216 +1.992195424209436 -0.000004866240671 +1.378685482843395 -0.000000395267918 +1.992204122729486 +0.000000000000000 +1.378686189394128 +0.000000000000000 +1.378686189394128 +0.000000000000000 +1.992204122729486 +0.000000000000000
 33  15 +0.947058823529412 +0.094117647058824 +0.060000000000000 +0.600645558769163 +288.037131926714324 +1.992195419178019 -0.000004857235963 +1.378685482434710 -0.000000394536497 +1.992204122729486 +0.000000000000000 +1.378686189394128 +0.000000000000000 +1.378686189394128 +0.000000000000000 +1.992204122729486 +0.000000000000000
 33  16 +0.947058823529412 +0.097058823529412 +0.060000000000000 +0.603676833027483 +277.294371113271040 +1.992195414163270 -0.000004848239247 +1.378685482027380 -0.000000393805725 +1.992204122729486 +0.000000000000000 +1.378686189394128 +0.000000000000000 +1.378686189394128 +0.000000000000000 +1.992204122729486 +0.000000000000000
 33  17 +0.947058823529412 +0.100000000000000 +0.060000000000000 +0.606676295964017 +271.584731803175430 +1.992195409165189 -0.000004839250622 +1.378685481621403 -0.000000393075610 +1.992204122729486 +0.000000000000000 +1.378686189394128 +0.000000000000000 +1.378686189394128 +0.000000000000000 +1.992204122729486 +0.000000000000000
 33  18 +0.947058823529412 +0.102941176470588 +0.060000000000000 +0.609559137487915 +266.092448436801533 +1.992195404183780 -0.000004830270191 +1.378685481216780 -0.000000392346161 +1.992204122729486 +0.000000000000000 +1.378686189394128 +0.000000000000000 +1.378686189394128 +0.000000000000000 +1.992204122729486 +0.000000000000000
 33  19 +0.947058823529412 +0.105882352941176 +0.060000000000000 +0.612431132301072 +259.906247836796183 +1.992195399219045 -0.000004821298054 +1.378685480813512 -0.000000391617385 +1.992204122729486 +0.000000000000000 +1.378686189394128 +0.000000000000000 +1.378686189394128 +0.000000000000000 +1.992204122729486 +0.000000000000000
 33  20 +0.947058823529412 +0.108823529411765 +0.060000000000000 +0.615246943912750 +249.562475177703448 +1.992195394270984 -0.000004812334311 +1.378685480411598 -0.000000390889291 +1.992204122729486 +0.000000000000000 +1.378686189394128 +0.000000000000000 +1.378686189394128 +0.000000000000000 +1.992204122729486 +0.000000000000000
 33  21 +0.947058823529412 +0.111764705882353 +0.060000000000000 +0.617975822496701 +244.189199665379675 +1.992195389339598 -0.000004803379061 +1.378685480011038 -0.000000390161887 +1.992204122729486 +0.000000000000000 +1.378686189394128 +0.000000000000000 +1.378686189394128 +0.000000000000000 +1.992204122729486 +0.000000000000000
 33  22 +0.947058823529412 +0.114705882352941 +0.060000000000000 +0.620689349840143 +238.753860099590810 +1.992195384424887 -0.000004794432404 +1.378685479611833 -0.000000389435181 +1.992204122729486 +0.000000000000000 +1.378686189394128 +0.000000000000000 +1.378686189394128 +0.000000000000000 +1.992204122729486 +0.000000000000000
 33  23 +0.947058823529412 +0.117647058823529 +0.060000000000000 +0.623344400555490 +233.567814317367692 +1.992195379526850 -0.000004785494437 +1.378685479213983 -0.000000388709181 +1.992204122729486 +0.000000000000000 +1.378686189394128 +0.000000000000000 +1.378686189394128 +0.000000000000000 +1.992204122729486 +0.000000000000000
 33  24 +0.947058823529412 +0.120588235294118 +0.060000000000000 +0.625921477967033 +228.132160856738665 +1.992195374645486 -0.000004776565258 +1.378685478817486 -0.000000387983894 +1.992204122729486 +0.000000000000000 +1.378686189394128 +0.000000000000000 +1.378686189394128 +0.000000000000000 +1.992204122729486 +0.000000000000000
 33  25 +0.947058823529412 +0.123529411764706 +0.060000000000000 +0.628480648242795 +222.591694804943245 +1.992195369780792 -0.000004767644964 +1.378685478422344 -0.000000387259330 +1.992204122729486 +0.000000000000000 +1.378686189394128 +0.000000000000000 +1.378686189394128 +0.000000000000000 +1.992204122729486 +0.000000000000000
 33  26 +0.947058823529412 +0.126470588235294 +0.060000000000000 +0.630994457008890 +216.859160664394210 +1.992195364932767 -0.000004758733652 +1.378685478028556 -0.000000386535495 +1.992204122729486 +0.000000000000000 +1.378686189394128 +0.000000000000000 +1.378686189394128 +0.000000000000000 +1.992204122729486 +0.000000000000000
 33  27 +0.947058823529412 +0.129411764705882 +0.060000000000000 +0.633424349166872 +211.737572888893908 +1.992195360101408 -0.000004749831418 +1.378685477636121 -0.000000385812397 +1.992204122729486 +0.000000000000000 +1.378686189394128 +0.000000000000000 +1.378686189394128 +0.000000000000000 +1.992204122729486 +0.000000000000000
 33  28 +0.947058823529412 +0.132352941176471 +0.060000000000000 +0.635835035459636 +211.086741348369003 +1.992195355286709 -0.000004740938356 +1.378685477245040 -0.000000385090044 +1.992204122729486 +0.000000000000000 +1.378686189394128 +0.000000000000000 +1.378686189394128 +0.000000000000000 +1.992204122729486 +0.000000000000000
 33  29 +0.947058823529412 +0.135294117647059 +0.060000000000000 +0.638224148013381 +205.904041447511020 +1.992195350488668 -0.000004732054561 +1.378685476855312 -0.000000384368444 +1.992204122729486 +0.000000000000000 +1.378686189394128 +0.000000000000000 +1.378686189394128 +0.000000000000000 +1.992204122729486 +0.000000000000000
 33  30 +0.947058823529412 +0.138235294117647 +0.060000000000000 +0.640512767988749 +201.079766119658530 +1.992195345707279 -0.000004723180127 +1.378685476466936 -0.000000383647605 +1.992204122729486 +0.000000000000000 +1.378686189394128 +0.000000000000000 +1.378686189394128 +0.000000000000000 +1.992204122729486 +0.000000000000000
 33  31 +0.947058823529412 +0.141176470588235 +0.060000000000000 +0.642781709494917 +200.204700156983591 +1.992195340942536 -0.000004714315148 +1.378685476079912 -0.000000382927533 +1.992204122729486 +0.000000000000000 +1.378686189394128 +0.000000000000000 +1.378686189394128 +0.000000000000000 +1.992204122729486 +0.000000000000000
 33  32 +0.947058823529412 +0.144117647058824 +0.060000000000000 +0.645029443576729 +194.898176051499604 +1.992195336194435 -0.000004705459715 +1.378685475694240 -0.000000382208237 +1.992204122729486 +0.000000000000000 +1.378686189394128 +0.000000000000000 +1.378686189394128 +0.000000000000000 +1.992204122729486 +0.000000000000000
 33  33 +0.947058823529412 +0.147058823529412 +0.060000000000000 +0.647213974186034 +190.016436467218085 +1.992195331462967 -0.000004696613922 +1.378685475309920 -0.000000381489724 +1.992204122729486 +0.000000000000000 +1.378686189394128 +0.000000000000000 +1.378686189394128 +0.000000000000000 +1.992204122729486 +0.000000000000000
 33  34 +0.947058823529412 +0.150000000000000 +0.060000000000000 +0.649348238546043 +189.081708510774604 +1.992195326748127 -0.000004687777860 +1.378685474926949 -0.000000380772001 +1.992204122729486 +0.000000000000000 +1.378686189394128 +0.000000000000000 +1.378686189394128 +0.000000000000000 +1.992204122729486 +0.000000000000000
 34   0 +0.950000000000000 +0.050000000000000 +0.060000000000000 +0.495690606076396 +523.059074083180690 +1.982460026821999 -0.000004940951931 +1.389146272991961 -0.000000420134690 +1.982468679518400 +0.000000000000000 +1.389147008740451 +0.000000000000000 +1.389147008740451 +0.000000000000000 +1.982468679518400 +0.000000000000000
 34   1 +0.950000000000000 +0.052941176470588 +0.060000000000000 +0.505354760598121 +489.735018129487912 +1.982460021580871 -0.000004931762235 +1.389146272546302 -0.000000419353280 +1.982468679518400 +0.000000000000000 +1.389147008740451 +0.000000000000000 +1.389147008740451 +0.000000000000000 +1.982468679518400 +0.000000000000000
 34   2 +0.950000000000000 +0.055882352941176 +0.060000000000000 +0.514623295030867 +466.780713425630836 +1.982460016356648 -0.000004922579552 +1.389146272102080 -0.000000418572466 +1.982468679518400 +0.000000000000000 +1.389147008740451 +0.000000000000000 +1.389147008740451 +0.000000000000000 +1.982468679518400 +0.000000000000000
 34   3 +0.950000000000000 +0.058823529411765 +0.060000000000000 +0.523418647658875 +448.162772383634660 +1.982460011149338 -0.000004913403994 +1.389146271659297 -0.000000417792258 +1.982468679518400 +0.000000000000000 +1.389147008740451 +0.000000000000000 +1.389147008740451 +0.000000000000000 +1.982468679518400 +0.000000000000000
 34   4 +0.950000000000000 +0.061764705882353 +0.060000000000000 +0.531821619443538 +422.462537042066913 +1.982460005958953 -0.000004904235672 +1.389146271217953 -0.000000417012665 +1.982468679518400 +0.000000000000000 +1.389147008740451 +0.000000000000000 +1.389147008740451 +0.000000000000000 +1.982468679518400 +0.000000000000000
 34   5 +0.950000000000000 +0.064705882352941 +0.060000000000000 +0.539886917019793 +404.085624882887771 +1.982460000785501 -0.000004895074695 +1.389146270778048 -0.000000416233697 +1.982468679518400 +0.000000000000000 +1.389147008740451 +0.000000000000000 +1.389147008740451 +0.000000000000000 +1.982468679518400 +0.000000000000000
 34   6 +0.950000000000000 +0.067647058823529 +0.060000000000000 +0.547627092201839 +388.601013130731076 +1.982459995628991 -0.000004885921174 +1.389146270339584 -0.000000415455363 +1.982468679518400 +0.000000000000000 +1.389147008740451 +0.000000000000000 +1.389147008740451 +0.000000000000000 +1.982468679518400 +0.000000000000000
 34   7 +0.950000000000000 +0.070588235294118 +0.060000000000000 +0.555020292660356 +370.691781861668744 +1.982459990489429 -0.000004876775219 +1.389146269902562 -0.000000414677672 +1.982468679518400 +0.000000000000000 +1.389147008740451 +0.000000000000000 +1.389147008740451 +0.000000000000000 +1.982468679518400 +0.000000000000000
 34   8 +0.950000000000000 +0.073529411764706 +0.060000000000000 +0.559373131219255 +365.127252351671416 +1.982459985366823 -0.000004867636938 +1.389146269466981 -0.000000413900634 +1.982468679518400 +0.000000000000000 +1.389147008740451 +0.000000000000000 +1.389147008740451 +0.000000000000000 +1.982468679518400 +0.000000000000000
 34   9 +0.950000000000000 +0.076470588235294 +0.060000000000000 +0.562959604398103 +347.287236247834358 +1.982459980261180 -0.000004858506439 +1.389146269032842 -0.000000413124257 +1.982468679518400 +0.000000000000000 +1.389147008740451 +0.000000000000000 +1.389147008740451 +0.000000000000000 +1.982468679518400 +0.000000000000000
 34  10 +0.950000000000000 +0.079411764705882 +0.060000000000000 +0.566391069259309 +332.185865052781537 +1.982459975172505 -0.000004849383830 +1.389146268600146 -0.000000412348552 +1.982468679518400 +0.000000000000000 +1.389147008740451 +0.000000000000000 +1.389147008740451 +0.000000000000000 +1.982468679518400 +0.000000000000000
 34  11 +0.950000000000000 +0.082352941176471 +0.060000000000000 +0.569829535234391 +325.193133633925072 +1.982459970100803 -0.000004840269219 +1.389146268168894 -0.000000411573526 +1.982468679518400 +0.000000000000000 +1.389147008740451 +0.000000000000000 +1.389147008740451 +0.000000000000000 +1.982468679518400 +0.000000000000000
 34  12 +0.950000000000000 +0.085294117647059 +0.060000000000000 +0.573144644107934 +313.572589286899699 +1.982459965046078 -0.000004831162711 +1.389146267739085 -0.000000410799190 +1.982468679518400 +0.000000000000000 +1.389147008740451 +0.000000000000000 +1.389147008740451 +0.000000000000000 +1.982468679518400 +0.000000000000000
 34  13 +0.950000000000000 +0.088235294117647 +0.060000000000000 +0.576417609940077 +303.011511208548086 +1.982459960008334 -0.000004822064413 +1.389146267310720 -0.000000410025551 +1.982468679518400 +0.000000000000000 +1.389147008740451 +0.000000000000000 +1.389147008740451 +0.000000000000000 +1.982468679518400 +0.000000000000000
 34  14 +0.950000000000000 +0.091176470588235 +0.060000000000000 +0.579649550560145 +297.973365732006414 +1.982459954987574 -0.000004812974429 +1.389146266883799 -0.000000409252620 +1.982468679518400 +0.000000000000000 +1.389147008740451 +0.000000000000000 +1.389147008740451 +0.000000000000000 +1.982468679518400 +0.000000000000000
 34  15 +0.950000000000000 +0.094117647058824 +0.060000000000000 +0.582762225183963 +287.172385931652627 +1.982459949983800 -0.000004803892866 +1.389146266458323 -0.000000408480404 +1.982468679518400 +0.000000000000000 +1.389147008740451 +0.000000000000000 +1.389147008740451 +0.000000000000000 +1.982468679518400 +0.000000000000000
 34  16 +0.950000000000000 +0.097058823529412 +0.060000000000000 +0.585865969170027 +275.976466905349810 +1.982459944997015 -0.000004794819827 +1.389146266034291 -0.000000407708913 +1.982468679518400 +0.000000000000000 +1.389147008740451 +0.000000000000000 +1.389147008740451 +0.000000000000000 +1.982468679518400 +0.000000000000000
 34  17 +0.950000000000000 +0.100000000000000 +0.060000000000000 +0.588879308606616 +269.599619779509112 +1.982459940027219 -0.000004785755415 +1.389146265611703 -0.000000406938156 +1.982468679518400 +0.000000000000000 +1.389147008740451 +0.000000000000000 +1.389147008740451 +0.000000000000000 +1.982468679518400 +0.000000000000000
 34  18 +0.950000000000000 +0.102941176470588 +0.060000000000000 +0.591827287947573 +264.673496853593974 +1.982459935074413 -0.000004776699734 +1.389146265190561 -0.000000406168141 +1.982468679518400 +0.000000000000000 +1.389147008740451 +0.000000000000000 +1.389147008740451 +0.000000000000000 +1.982468679518400 +0.000000000000000
 34  19 +0.950000000000000 +0.105882352941176 +0.060000000000000 +0.594759971560376 +257.410465127408770 +1.982459930138596 -0.000004767652886 +1.389146264770863 -0.000000405398878 +1.982468679518400 +0.000000000000000 +1.389147008740451 +0.000000000000000 +1.389147008740451 +0.000000000000000 +1.982468679518400 +0.000000000000000
 34  20 +0.950000000000000 +0.108823529411765 +0.060000000000000 +0.597582555135410 +247.387804875920239 +1.982459925219768 -0.000004758614973 +1.389146264352609 -0.000000404630374 +1.982468679518400 +0.000000000000000 +1.389147008740451 +0.000000000000000 +1.389147008740451 +0.000000000000000 +1.982468679518400 +0.000000000000000
 34  21 +0.950000000000000 +0.111764705882353 +0.060000000000000 +0.600366258325184 +242.469462584141638 +1.982459920317928 -0.000004749586096 +1.389146263935800 -0.000000403862638 +1.982468679518400 +0.000000000000000 +1.389147008740451 +0.000000000000000 +1.389147008740451 +0.000000000000000 +1.982468679518400 +0.000000000000000
 34  22 +0.950000000000000 +0.114705882352941 +0.060000000000000 +0.603130997404627 +236.655156921493585 +1.982459915433072 -0.000004740566355 +1.389146263520435 -0.000000403095680 +1.982468679518400 +0.000000000000000 +1.389147008740451 +0.000000000000000 +1.389147008740451 +0.000000000000000 +1.982468679518400 +0.000000000000000
 34  23 +0.950000000000000 +0.117647058823529 +0.060000000000000 +0.605786764335945 +231.705356625015042 +1.982459910565200 -0.000004731555851 +1.389146263106515 -0.000000402329506 +1.982468679518400 +0.000000000000000 +1.389147008740451 +0.000000000000000 +1.389147008740451 +0.000000000000000 +1.982468679518400 +0.000000000000000
 34  24 +0.950000000000000 +0.120588235294118 +0.060000000000000 +0.608410268149849 +231.035480958116153 +1.982459905714306 -0.000004722554682 +1.389146262694038 -0.000000401564127 +1.982468679518400 +0.000000000000000 +1.389147008740451 +0.000000000000000 +1.389147008740451 +0.000000000000000 +1.982468679518400 +0.000000000000000
 34  25 +0.950000000000000 +0.123529411764706 +0.060000000000000 +0.611012869223636 +223.660803591322860 +1.982459900880388 -0.000004713562947 +1.389146262283004 -0.000000400799550 +1.982468679518400 +0.000000000000000 +1.389147008740451 +0.000000000000000 +1.389147008740451 +0.000000000000000 +1.982468679518400 +0.000000000000000
 34  26 +0.950000000000000 +0.126470588235294 +0.060000000000000 +0.613522185355513 +219.947798653692075 +1.982459896063441 -0.000004704580745 +1.389146261873414 -0.000000400035783 +1.982468679518400 +0.000000000000000 +1.389147008740451 +0.000000000000000 +1.389147008740451 +0.000000000000000 +1.982468679518400 +0.000000000000000
 34  27 +0.950000000000000 +0.129411764705882 +0.060000000000000 +0.615991546442338 +213.432486520413335 +1.982459891263460 -0.000004695608172 +1.389146261465266 -0.000000399272835 +1.982468679518400 +0.000000000000000 +1.389147008740451 +0.000000000000000 +1.389147008740451 +0.000000000000000 +1.982468679518400 +0.000000000000000
 34  28 +0.950000000000000 +0.132352941176471 +0.060000000000000 +0.618439175898898 +209.054381822498442 +1.982459886480438 -0.000004686645325 +1.389146261058560 -0.000000398510714 +1.982468679518400 +0.000000000000000 +1.389147008740451 +0.000000000000000 +1.389147008740451 +0.000000000000000 +1.982468679518400 +0.000000000000000
 34  29 +0.950000000000000 +0.135294117647059 +0.060000000000000 +0.620819292767101 +208.624401877233282 +1.982459881714371 -0.000004677692300 +1.389146260653296 -0.000000397749428 +1.982468679518400 +0.000000000000000 +1.389147008740451 +0.000000000000000 +1.389147008740451 +0.000000000000000 +1.982468679518400 +0.000000000000000
 34  30 +0.950000000000000 +0.138235294117647 +0.060000000000000 +0.623141538903236 +202.431016290183408 +1.982459876965249 -0.000004668749193 +1.389146260249473 -0.000000396988986 +1.982468679518400 +0.000000000000000 +1.389147008740451 +0.000000000000000 +1.389147008740451 +0.000000000000000 +1.982468679518400 +0.000000000000000
 34  31 +0.950000000000000 +0.141176470588235 +0.060000000000000 +0.625441943957230 +198.242075165613983 +1.982459872233067 -0.000004659816098 +1.389146259847091 -0.000000396229395 +1.982468679518400 +0.000000000000000 +1.389147008740451 +0.000000000000000 +1.389147008740451 +0.000000000000000 +1.982468679518400 +0.000000000000000
 34  32 +0.950000000000000 +0.144117647058824 +0.060000000000000 +0.627707457437239 +197.703736238533111 +1.982459867517816 -0.000004650893108 +1.389146259446147 -0.000000395470663 +1.982468679518400 +0.000000000000000 +1.389147008740451 +0.000000000000000 +1.389147008740451 +0.000000000000000 +1.982468679518400 +0.000000000000000
 34  33 +0.950000000000000 +0.147058823529412 +0.060000000000000 +0.629889997645847 +190.872319990521873 +1.982459862819487 -0.000004641980318 +1.389146259046643 -0.000000394712798 +1.982468679518400 +0.000000000000000 +1.389147008740451 +0.000000000000000 +1.389147008740451 +0.000000000000000 +1.982468679518400 +0.000000000000000
 34  34 +0.950000000000000 +0.150000000000000 +0.060000000000000 +0.632051051090815 +187.167391035820714 +1.982459858138071 -0.000004633077820 +1.389146258648577 -0.000000393955809 +1.982468679518400 +0.000000000000000 +1.389147008740451 +0.000000000000000 +1.389147008740451 +0.000000000000000 +1.982468679518400 +0.000000000000000
