# i   j  Gamma              Lambda             paramK             distTrajToEq       integrationTime      startPtfi1         startPtV1          startPtfi2         startPtV2          sadfocPtfi1        sadfocPtV1         sadfocPtfi2        sadfocPtV2         saddlePtfi1        saddlePtV1         saddlePtfi2        saddlePtV2
# 0   1  2                  3                  4                  5                  6                    7                  8                  9                  10                 11                 12                 13                 14                 15                 16                 17                 18
  9   1 +0.642857142857143 +0.071428571428571 +0.100000000000000 +1.403966211778767 +393.883034405310525 +2.566227777963875 -0.000006646615508 +0.835421991512106 +0.000000070133565 +2.566235248664614 +0.000000000000000 +0.835421912682983 +0.000000000000000 +0.835421912682983 +0.000000000000000 +2.566235248664614 +0.000000000000000
 10   1 +0.714285714285714 +0.071428571428571 +0.100000000000000 +1.256631705656353 +396.261705668317461 +2.479992054252178 -0.000006480445101 +0.951344411520920 -0.000000019933479 +2.479999670214701 +0.000000000000000 +0.951344434947185 +0.000000000000000 +0.951344434947185 +0.000000000000000 +2.479999670214701 +0.000000000000000
 10   2 +0.714285714285714 +0.142857142857143 +0.100000000000000 +1.445718115828559 +207.397356927751872 +2.479991927500028 -0.000006328461374 +0.951344411131038 -0.000000019465985 +2.479999670214701 +0.000000000000000 +0.951344434947185 +0.000000000000000 +0.951344434947185 +0.000000000000000 +2.479999670214701 +0.000000000000000
 11   1 +0.785714285714286 +0.071428571428571 +0.100000000000000 +1.068763546927035 +391.554826837550593 +2.381008911637194 -0.000006248846783 +1.080279896706308 -0.000000139378120 +2.381016715622652 +0.000000000000000 +1.080280070771196 +0.000000000000000 +1.080280070771196 +0.000000000000000 +2.381016715622652 +0.000000000000000
 11   2 +0.785714285714286 +0.142857142857143 +0.100000000000000 +1.259034509687264 +204.895960713917759 +2.381008783939640 -0.000006085941156 +1.080279893858063 -0.000000135744572 +2.381016715622652 +0.000000000000000 +1.080280070771196 +0.000000000000000 +1.080280070771196 +0.000000000000000 +2.381016715622652 +0.000000000000000
 11   3 +0.785714285714286 +0.214285714285714 +0.100000000000000 +1.318775505875763 +141.999042689113622 +2.381008661423392 -0.000005922849772 +1.080279891125385 -0.000000132106882 +2.381016715622652 +0.000000000000000 +1.080280070771196 +0.000000000000000 +1.080280070771196 +0.000000000000000 +2.381016715622652 +0.000000000000000
 11   4 +0.785714285714286 +0.285714285714286 +0.100000000000000 +1.364610689506205 +111.054703349707751 +2.381008544357078 -0.000005760268576 +1.080279888514266 -0.000000128480571 +2.381016715622652 +0.000000000000000 +1.080280070771196 +0.000000000000000 +1.080280070771196 +0.000000000000000 +2.381016715622652 +0.000000000000000
 11   5 +0.785714285714286 +0.357142857142857 +0.100000000000000 +1.399177340506062 +91.906201459528006 +2.381008432928798 -0.000005598862177 +1.080279886028901 -0.000000124880463 +2.381016715622652 +0.000000000000000 +1.080280070771196 +0.000000000000000 +1.080280070771196 +0.000000000000000 +2.381016715622652 +0.000000000000000
 11   6 +0.785714285714286 +0.428571428571429 +0.100000000000000 +1.424923427186368 +81.080473716460190 +2.381008327248079 -0.000005439250608 +1.080279883671734 -0.000000121320389 +2.381016715622652 +0.000000000000000 +1.080280070771196 +0.000000000000000 +1.080280070771196 +0.000000000000000 +2.381016715622652 +0.000000000000000
 11   7 +0.785714285714286 +0.500000000000000 +0.100000000000000 +1.429460392377060 +71.349208408831458 +2.381008227350472 -0.000005281998728 +1.080279881443556 -0.000000117812946 +2.381016715622652 +0.000000000000000 +1.080280070771196 +0.000000000000000 +1.080280070771196 +0.000000000000000 +2.381016715622652 +0.000000000000000
 11   8 +0.785714285714286 +0.571428571428571 +0.100000000000000 +1.422491141056558 +67.258912050446625 +2.381008133204237 -0.000005127608538 +1.080279879343661 -0.000000114369333 +2.381016715622652 +0.000000000000000 +1.080280070771196 +0.000000000000000 +1.080280070771196 +0.000000000000000 +2.381016715622652 +0.000000000000000
 11   9 +0.785714285714286 +0.642857142857143 +0.100000000000000 +1.416687512937846 +61.808204151296067 +2.381008044718497 -0.000004976514472 +1.080279877370020 -0.000000110999238 +2.381016715622652 +0.000000000000000 +1.080280070771196 +0.000000000000000 +1.080280070771196 +0.000000000000000 +2.381016715622652 +0.000000000000000
 11  10 +0.785714285714286 +0.714285714285714 +0.100000000000000 +1.374820252428749 +2000.000000000000000 +2.381025469493058 +0.000004829081494 +1.080280266022902 +0.000000107710802 +2.381016715622652 +0.000000000000000 +1.080280070771196 +0.000000000000000 +1.080280070771196 +0.000000000000000 +2.381016715622652 +0.000000000000000
 11  10 +0.785714285714286 +0.714285714285714 +0.100000000000000 +1.411971063601407 +58.171508235822458 +2.381007961752246 -0.000004829081494 +1.080279875519490 -0.000000107710802 +2.381016715622652 +0.000000000000000 +1.080280070771196 +0.000000000000000 +1.080280070771196 +0.000000000000000 +2.381016715622652 +0.000000000000000
 11  11 +0.785714285714286 +0.785714285714286 +0.100000000000000 +1.379097829864950 +2000.000000000000000 +2.381025547121658 +0.000004685605665 +1.080280267754378 +0.000000104510629 +2.381016715622652 +0.000000000000000 +1.080280070771196 +0.000000000000000 +1.080280070771196 +0.000000000000000 +2.381016715622652 +0.000000000000000
 11  11 +0.785714285714286 +0.785714285714286 +0.100000000000000 +1.408120953367650 +56.278325444436916 +2.381007884123646 -0.000004685605665 +1.080279873788014 -0.000000104510629 +2.381016715622652 +0.000000000000000 +1.080280070771196 +0.000000000000000 +1.080280070771196 +0.000000000000000 +2.381016715622652 +0.000000000000000
 11  12 +0.785714285714286 +0.857142857142857 +0.100000000000000 +1.396484550141553 +2000.000000000000000 +2.381025619626180 +0.000004546316787 +1.080280269371564 +0.000000101403844 +2.381016715622652 +0.000000000000000 +1.080280070771196 +0.000000000000000 +1.080280070771196 +0.000000000000000 +2.381016715622652 +0.000000000000000
 11  12 +0.785714285714286 +0.857142857142857 +0.100000000000000 +1.405033926437057 +53.706169272890385 +2.381007811619124 -0.000004546316787 +1.080279872170828 -0.000000101403844 +2.381016715622652 +0.000000000000000 +1.080280070771196 +0.000000000000000 +1.080280070771196 +0.000000000000000 +2.381016715622652 +0.000000000000000
 11  13 +0.785714285714286 +0.928571428571428 +0.100000000000000 +1.413596231611502 +2000.000000000000000 +2.381025687243388 +0.000004411382610 +1.080280270879740 +0.000000098394189 +2.381016715622652 +0.000000000000000 +1.080280070771196 +0.000000000000000 +1.080280070771196 +0.000000000000000 +2.381016715622652 +0.000000000000000
 11  13 +0.785714285714286 +0.928571428571428 +0.100000000000000 +1.402552490401941 +52.061195268607833 +2.381007744001916 -0.000004411382610 +1.080279870662653 -0.000000098394189 +2.381016715622652 +0.000000000000000 +1.080280070771196 +0.000000000000000 +1.080280070771196 +0.000000000000000 +2.381016715622652 +0.000000000000000
 11  14 +0.785714285714286 +1.000000000000000 +0.100000000000000 +1.428680553974655 +2000.000000000000000 +2.381025750225519 +0.000004280914177 +1.080280272284532 +0.000000095484141 +2.381016715622652 +0.000000000000000 +1.080280070771196 +0.000000000000000 +1.080280070771196 +0.000000000000000 +2.381016715622652 +0.000000000000000
 11  14 +0.785714285714286 +1.000000000000000 +0.100000000000000 +1.400569595699914 +52.325613670488885 +2.381007681019785 -0.000004280914177 +1.080279869257861 -0.000000095484141 +2.381016715622652 +0.000000000000000 +1.080280070771196 +0.000000000000000 +1.080280070771196 +0.000000000000000 +2.381016715622652 +0.000000000000000
 12   1 +0.857142857142857 +0.071428571428571 +0.100000000000000 +0.866267802073370 +385.585658888420312 +2.260479444392482 -0.000005896271507 +1.231061412781525 -0.000000312508248 +2.260487503788160 +0.000000000000000 +1.231061839937503 +0.000000000000000 +1.231061839937503 +0.000000000000000 +2.260487503788160 +0.000000000000000
 12   1 +0.857142857142857 +0.071428571428571 +0.100000000000000 +1.455833132105314 +2000.000000000000000 +2.260495563183837 +0.000005896271507 +1.231062267093481 +0.000000312508248 +2.260487503788160 +0.000000000000000 +1.231061839937503 +0.000000000000000 +1.231061839937503 +0.000000000000000 +2.260487503788160 +0.000000000000000
 12   2 +0.857142857142857 +0.142857142857143 +0.100000000000000 +1.018958913974078 +201.673025709867687 +2.260479316714871 -0.000005717666249 +1.231061406014485 -0.000000303041992 +2.260487503788160 +0.000000000000000 +1.231061839937503 +0.000000000000000 +1.231061839937503 +0.000000000000000 +2.260487503788160 +0.000000000000000
 12   2 +0.857142857142857 +0.142857142857143 +0.100000000000000 +1.455833217601679 +2000.000000000000000 +2.260495690861448 +0.000005717666249 +1.231062273860521 +0.000000303041992 +2.260487503788160 +0.000000000000000 +1.231061839937503 +0.000000000000000 +1.231061839937503 +0.000000000000000 +2.260487503788160 +0.000000000000000
 12   3 +0.857142857142857 +0.214285714285714 +0.100000000000000 +1.087482329840037 +138.692977976578049 +2.260479195436517 -0.000005539961133 +1.231061399586612 -0.000000293623444 +2.260487503788160 +0.000000000000000 +1.231061839937503 +0.000000000000000 +1.231061839937503 +0.000000000000000 +2.260487503788160 +0.000000000000000
 12   3 +0.857142857142857 +0.214285714285714 +0.100000000000000 +1.455833298812925 +2000.000000000000000 +2.260495812139802 +0.000005539961133 +1.231062280288394 +0.000000293623444 +2.260487503788160 +0.000000000000000 +1.231061839937503 +0.000000000000000 +1.231061839937503 +0.000000000000000 +2.260487503788160 +0.000000000000000
 12   4 +0.857142857142857 +0.285714285714286 +0.100000000000000 +1.136221323362121 +112.016287949108175 +2.260479080765956 -0.000005364007207 +1.231061393508958 -0.000000284297711 +2.260487503788160 +0.000000000000000 +1.231061839937503 +0.000000000000000 +1.231061839937503 +0.000000000000000 +2.260487503788160 +0.000000000000000
 12   4 +0.857142857142857 +0.285714285714286 +0.100000000000000 +1.455833375599411 +2000.000000000000000 +2.260495926810363 +0.000005364007207 +1.231062286366048 +0.000000284297711 +2.260487503788160 +0.000000000000000 +1.231061839937503 +0.000000000000000 +1.231061839937503 +0.000000000000000 +2.260487503788160 +0.000000000000000
 12   5 +0.857142857142857 +0.357142857142857 +0.100000000000000 +1.163402012516520 +92.066216968523804 +2.260478972806135 -0.000005190589761 +1.231061387786980 -0.000000275106414 +2.260487503788160 +0.000000000000000 +1.231061839937503 +0.000000000000000 +1.231061839937503 +0.000000000000000 +2.260487503788160 +0.000000000000000
 12   5 +0.857142857142857 +0.357142857142857 +0.100000000000000 +1.455833447892201 +2000.000000000000000 +2.260496034770184 +0.000005190589761 +1.231062292088026 +0.000000275106414 +2.260487503788160 +0.000000000000000 +1.231061839937503 +0.000000000000000 +1.231061839937503 +0.000000000000000 +2.260487503788160 +0.000000000000000
 12   6 +0.857142857142857 +0.428571428571429 +0.100000000000000 +1.157456050810369 +80.978663596470881 +2.260478871561721 -0.000005020412640 +1.231061382420926 -0.000000266086858 +2.260487503788160 +0.000000000000000 +1.231061839937503 +0.000000000000000 +1.231061839937503 +0.000000000000000 +2.260487503788160 +0.000000000000000
 12   6 +0.857142857142857 +0.428571428571429 +0.100000000000000 +1.455833515688171 +2000.000000000000000 +2.260496136014598 +0.000005020412640 +1.231062297454081 +0.000000266086858 +2.260487503788160 +0.000000000000000 +1.231061839937503 +0.000000000000000 +1.231061839937503 +0.000000000000000 +2.260487503788160 +0.000000000000000
 12   7 +0.857142857142857 +0.500000000000000 +0.100000000000000 +1.152408580505796 +73.326331313019821 +2.260478776949594 -0.000004854087454 +1.231061377406389 -0.000000257271458 +2.260487503788160 +0.000000000000000 +1.231061839937503 +0.000000000000000 +1.231061839937503 +0.000000000000000 +2.260487503788160 +0.000000000000000
 12   7 +0.857142857142857 +0.500000000000000 +0.100000000000000 +1.455833579042982 +2000.000000000000000 +2.260496230626725 +0.000004854087454 +1.231062302468617 +0.000000257271458 +2.260487503788160 +0.000000000000000 +1.231061839937503 +0.000000000000000 +1.231061839937503 +0.000000000000000 +2.260487503788160 +0.000000000000000
 12   8 +0.857142857142857 +0.571428571428571 +0.100000000000000 +1.148175171630734 +66.831645193351719 +2.260478688811480 -0.000004692127716 +1.231061372734981 -0.000000248687431 +2.260487503788160 +0.000000000000000 +1.231061839937503 +0.000000000000000 +1.231061839937503 +0.000000000000000 +2.260487503788160 +0.000000000000000
 12   8 +0.857142857142857 +0.571428571428571 +0.100000000000000 +1.455833638062618 +2000.000000000000000 +2.260496318764839 +0.000004692127716 +1.231062307140025 +0.000000248687431 +2.260487503788160 +0.000000000000000 +1.231061839937503 +0.000000000000000 +1.231061839937503 +0.000000000000000 +2.260487503788160 +0.000000000000000
 12   9 +0.857142857142857 +0.642857142857143 +0.100000000000000 +1.144673808479123 +63.328717659377872 +2.260478606927643 -0.000004534947554 +1.231061368395057 -0.000000240356726 +2.260487503788160 +0.000000000000000 +1.231061839937503 +0.000000000000000 +1.231061839937503 +0.000000000000000 +2.260487503788160 +0.000000000000000
 12   9 +0.857142857142857 +0.642857142857143 +0.100000000000000 +1.455833692894221 +2000.000000000000000 +2.260496400648676 +0.000004534947554 +1.231062311479949 +0.000000240356726 +2.260487503788160 +0.000000000000000 +1.231061839937503 +0.000000000000000 +1.231061839937503 +0.000000000000000 +2.260487503788160 +0.000000000000000
 12  10 +0.857142857142857 +0.714285714285714 +0.100000000000000 +1.141810955512561 +60.812288465671699 +2.260478531030698 -0.000004382864350 +1.231061364372443 -0.000000232296165 +2.260487503788160 +0.000000000000000 +1.231061839937503 +0.000000000000000 +1.231061839937503 +0.000000000000000 +2.260487503788160 +0.000000000000000
 12  10 +0.857142857142857 +0.714285714285714 +0.100000000000000 +1.455833743716839 +2000.000000000000000 +2.260496476545621 +0.000004382864350 +1.231062315502563 +0.000000232296165 +2.260487503788160 +0.000000000000000 +1.231061839937503 +0.000000000000000 +1.231061839937503 +0.000000000000000 +2.260487503788160 +0.000000000000000
 12  11 +0.857142857142857 +0.785714285714286 +0.100000000000000 +1.139468581349156 +57.994977771398219 +2.260478460818773 -0.000004236104466 +1.231061360651141 -0.000000224517745 +2.260487503788160 +0.000000000000000 +1.231061839937503 +0.000000000000000 +1.231061839937503 +0.000000000000000 +2.260487503788160 +0.000000000000000
 12  11 +0.857142857142857 +0.785714285714286 +0.100000000000000 +1.119478005166632 +2000.000000000000000 +2.260496546757546 +0.000004236104466 +1.231062319223865 +0.000000224517745 +2.260487503788160 +0.000000000000000 +1.231061839937503 +0.000000000000000 +1.231061839937503 +0.000000000000000 +2.260487503788160 +0.000000000000000
 12  12 +0.857142857142857 +0.857142857142857 +0.100000000000000 +1.137597931293291 +56.344405582686917 +2.260478395967479 -0.000004094811207 +1.231061357213958 -0.000000217029062 +2.260487503788160 +0.000000000000000 +1.231061839937503 +0.000000000000000 +1.231061839937503 +0.000000000000000 +2.260487503788160 +0.000000000000000
 12  12 +0.857142857142857 +0.857142857142857 +0.100000000000000 +1.131348693209776 +2000.000000000000000 +2.260496611608840 +0.000004094811207 +1.231062322661048 +0.000000217029062 +2.260487503788160 +0.000000000000000 +1.231061839937503 +0.000000000000000 +1.231061839937503 +0.000000000000000 +2.260487503788160 +0.000000000000000
 12  13 +0.857142857142857 +0.928571428571428 +0.100000000000000 +1.136077449466856 +54.666594621587336 +2.260478336140342 -0.000003959054162 +1.231061354043061 -0.000000209833804 +2.260487503788160 +0.000000000000000 +1.231061839937503 +0.000000000000000 +1.231061839937503 +0.000000000000000 +2.260487503788160 +0.000000000000000
 12  13 +0.857142857142857 +0.928571428571428 +0.100000000000000 +1.155369380428735 +2000.000000000000000 +2.260496671435977 +0.000003959054162 +1.231062325831946 +0.000000209833804 +2.260487503788160 +0.000000000000000 +1.231061839937503 +0.000000000000000 +1.231061839937503 +0.000000000000000 +2.260487503788160 +0.000000000000000
 12  14 +0.857142857142857 +1.000000000000000 +0.100000000000000 +1.134868695826498 +54.618989323228526 +2.260478280997541 -0.000003828839194 +1.231061351120437 -0.000000202932281 +2.260487503788160 +0.000000000000000 +1.231061839937503 +0.000000000000000 +1.231061839937503 +0.000000000000000 +2.260487503788160 +0.000000000000000
 12  14 +0.857142857142857 +1.000000000000000 +0.100000000000000 +1.176176073428272 +2000.000000000000000 +2.260496726578778 +0.000003828839194 +1.231062328754569 +0.000000202932281 +2.260487503788160 +0.000000000000000 +1.231061839937503 +0.000000000000000 +1.231061839937503 +0.000000000000000 +2.260487503788160 +0.000000000000000
 13   1 +0.928571428571428 +0.071428571428571 +0.100000000000000 +0.606456094618820 +372.711745269610390 +2.092307250989887 -0.000005232039294 +1.429822797140194 -0.000000636326613 +2.092315687111926 +0.000000000000000 +1.429823823151021 +0.000000000000000 +1.429823823151021 +0.000000000000000 +2.092315687111926 +0.000000000000000
 13   1 +0.928571428571428 +0.071428571428571 +0.100000000000000 +0.936910218753946 +2000.000000000000000 +2.092324123233965 +0.000005232039294 +1.429824849161848 +0.000000636326613 +2.092315687111926 +0.000000000000000 +1.429823823151021 +0.000000000000000 +1.429823823151021 +0.000000000000000 +2.092315687111926 +0.000000000000000
 13   2 +0.928571428571428 +0.142857142857143 +0.100000000000000 +0.726340940474433 +198.078764208791824 +2.092307127662256 -0.000005027744183 +1.429822782140946 -0.000000611480007 +2.092315687111926 +0.000000000000000 +1.429823823151021 +0.000000000000000 +1.429823823151021 +0.000000000000000 +2.092315687111926 +0.000000000000000
 13   2 +0.928571428571428 +0.142857142857143 +0.100000000000000 +0.936910295353249 +2000.000000000000000 +2.092324246561596 +0.000005027744183 +1.429824864161096 +0.000000611480007 +2.092315687111926 +0.000000000000000 +1.429823823151021 +0.000000000000000 +1.429823823151021 +0.000000000000000 +2.092315687111926 +0.000000000000000
 13   3 +0.928571428571428 +0.214285714285714 +0.100000000000000 +0.782694077573859 +137.881240730934962 +2.092307012959394 -0.000004827159421 +1.429822768190653 -0.000000587084659 +2.092315687111926 +0.000000000000000 +1.429823823151021 +0.000000000000000 +1.429823823151021 +0.000000000000000 +2.092315687111926 +0.000000000000000
 13   3 +0.928571428571428 +0.214285714285714 +0.100000000000000 +0.936910366595666 +2000.000000000000000 +2.092324361264458 +0.000004827159421 +1.429824878111389 +0.000000587084659 +2.092315687111926 +0.000000000000000 +1.429823823151021 +0.000000000000000 +1.429823823151021 +0.000000000000000 +2.092315687111926 +0.000000000000000
 13   4 +0.928571428571428 +0.285714285714286 +0.100000000000000 +0.779465487811663 +108.840366215363019 +2.092306906869704 -0.000004631386051 +1.429822755287903 -0.000000563274477 +2.092315687111926 +0.000000000000000 +1.429823823151021 +0.000000000000000 +1.429823823151021 +0.000000000000000 +2.092315687111926 +0.000000000000000
 13   4 +0.928571428571428 +0.285714285714286 +0.100000000000000 +0.936910432488403 +2000.000000000000000 +2.092324467354148 +0.000004631386051 +1.429824891014139 +0.000000563274477 +2.092315687111926 +0.000000000000000 +1.429823823151021 +0.000000000000000 +1.429823823151021 +0.000000000000000 +2.092315687111926 +0.000000000000000
 13   5 +0.928571428571428 +0.357142857142857 +0.100000000000000 +0.776728046428575 +91.013365415242433 +2.092306809233329 -0.000004441358107 +1.429822743413255 -0.000000540163061 +2.092315687111926 +0.000000000000000 +1.429823823151021 +0.000000000000000 +1.429823823151021 +0.000000000000000 +2.092315687111926 +0.000000000000000
 13   5 +0.928571428571428 +0.357142857142857 +0.100000000000000 +0.936910493130747 +2000.000000000000000 +2.092324564990523 +0.000004441358107 +1.429824902888787 +0.000000540163061 +2.092315687111926 +0.000000000000000 +1.429823823151021 +0.000000000000000 +1.429823823151021 +0.000000000000000 +2.092315687111926 +0.000000000000000
 13   6 +0.928571428571428 +0.428571428571429 +0.100000000000000 +0.774392349437941 +81.786699317211557 +2.092306719766586 -0.000004257828998 +1.429822732532208 -0.000000517842040 +2.092315687111926 +0.000000000000000 +1.429823823151021 +0.000000000000000 +1.429823823151021 +0.000000000000000 +2.092315687111926 +0.000000000000000
 13   6 +0.928571428571428 +0.428571428571429 +0.100000000000000 +0.936910548698896 +2000.000000000000000 +2.092324654457267 +0.000004257828998 +1.429824913769834 +0.000000517842040 +2.092315687111926 +0.000000000000000 +1.429823823151021 +0.000000000000000 +1.429823823151021 +0.000000000000000 +2.092315687111926 +0.000000000000000
 13   7 +0.928571428571428 +0.500000000000000 +0.100000000000000 +0.772449980854563 +73.956242470042241 +2.092306638089009 -0.000004081369190 +1.429822722598487 -0.000000496380797 +2.092315687111926 +0.000000000000000 +1.429823823151021 +0.000000000000000 +1.429823823151021 +0.000000000000000 +2.092315687111926 +0.000000000000000
 13   7 +0.928571428571428 +0.500000000000000 +0.100000000000000 +0.936910599429161 +2000.000000000000000 +2.092324736134843 +0.000004081369190 +1.429824923703555 +0.000000496380797 +2.092315687111926 +0.000000000000000 +1.429823823151021 +0.000000000000000 +1.429823823151021 +0.000000000000000 +2.092315687111926 +0.000000000000000
 13   8 +0.928571428571428 +0.571428571428571 +0.100000000000000 +0.770854783976553 +75.969175705709915 +2.092306563750492 -0.000003912373496 +1.429822713557352 -0.000000475827347 +2.092315687111926 +0.000000000000000 +1.429823823151021 +0.000000000000000 +1.429823823151021 +0.000000000000000 +2.092315687111926 +0.000000000000000
 13   8 +0.928571428571428 +0.571428571428571 +0.100000000000000 +0.936910645601103 +2000.000000000000000 +2.092324810473360 +0.000003912373496 +1.429824932744690 +0.000000475827347 +2.092315687111926 +0.000000000000000 +1.429823823151021 +0.000000000000000 +1.429823823151021 +0.000000000000000 +2.092315687111926 +0.000000000000000
 13   9 +0.928571428571428 +0.642857142857143 +0.100000000000000 +0.769512055589301 +68.088728158322198 +2.092306496256585 -0.000003751075623 +1.429822705348665 -0.000000456210114 +2.092315687111926 +0.000000000000000 +1.429823823151021 +0.000000000000000 +1.429823823151021 +0.000000000000000 +2.092315687111926 +0.000000000000000
 13   9 +0.928571428571428 +0.642857142857143 +0.100000000000000 +0.936910687521831 +2000.000000000000000 +2.092324877967267 +0.000003751075623 +1.429824940953377 +0.000000456210114 +2.092315687111926 +0.000000000000000 +1.429823823151021 +0.000000000000000 +1.429823823151021 +0.000000000000000 +2.092315687111926 +0.000000000000000
 13  10 +0.928571428571428 +0.714285714285714 +0.100000000000000 +0.768451679400816 +64.001736438472264 +2.092306435090614 -0.000003597567491 +1.429822697909590 -0.000000437540280 +2.092315687111926 +0.000000000000000 +1.429823823151021 +0.000000000000000 +1.429823823151021 +0.000000000000000 +2.092315687111926 +0.000000000000000
 13  10 +0.928571428571428 +0.714285714285714 +0.100000000000000 +0.936910725512251 +2000.000000000000000 +2.092324939133239 +0.000003597567491 +1.429824948392452 +0.000000437540280 +2.092315687111926 +0.000000000000000 +1.429823823151021 +0.000000000000000 +1.429823823151021 +0.000000000000000 +2.092315687111926 +0.000000000000000
 13  11 +0.928571428571428 +0.785714285714286 +0.100000000000000 +0.767574378545792 +62.982793798974875 +2.092306379731946 -0.000003451820988 +1.429822691176805 -0.000000419814423 +2.092315687111926 +0.000000000000000 +1.429823823151021 +0.000000000000000 +1.429823823151021 +0.000000000000000 +2.092315687111926 +0.000000000000000
 13  11 +0.928571428571428 +0.785714285714286 +0.100000000000000 +0.936910759895731 +2000.000000000000000 +2.092324994491906 +0.000003451820988 +1.429824955125237 +0.000000419814423 +2.092315687111926 +0.000000000000000 +1.429823823151021 +0.000000000000000 +1.429823823151021 +0.000000000000000 +2.092315687111926 +0.000000000000000
 13  12 +0.928571428571428 +0.857142857142857 +0.100000000000000 +0.766881423564807 +66.453100445337384 +2.092306329670239 -0.000003313710201 +1.429822685088243 -0.000000403017231 +2.092315687111926 +0.000000000000000 +1.429823823151021 +0.000000000000000 +1.429823823151021 +0.000000000000000 +2.092315687111926 +0.000000000000000
 13  12 +0.928571428571428 +0.857142857142857 +0.100000000000000 +0.936910790989247 +2000.000000000000000 +2.092325044553613 +0.000003313710201 +1.429824961213799 +0.000000403017231 +2.092315687111926 +0.000000000000000 +1.429823823151021 +0.000000000000000 +1.429823823151021 +0.000000000000000 +2.092315687111926 +0.000000000000000
 13  13 +0.928571428571428 +0.928571428571428 +0.100000000000000 +0.766303394378246 +61.228023805593189 +2.092306284415875 -0.000003183032704 +1.429822679584355 -0.000000387124084 +2.092315687111926 +0.000000000000000 +1.429823823151021 +0.000000000000000 +1.429823823151021 +0.000000000000000 +2.092315687111926 +0.000000000000000
 13  13 +0.928571428571428 +0.928571428571428 +0.100000000000000 +0.782004602070453 +2000.000000000000000 +2.092325089807977 +0.000003183032704 +1.429824966717687 +0.000000387124084 +2.092315687111926 +0.000000000000000 +1.429823823151021 +0.000000000000000 +1.429823823151021 +0.000000000000000 +2.092315687111926 +0.000000000000000
