# i   j  Gamma              Lambda             paramK             distTrajToEq       integrationTime      startPtfi1         startPtV1          startPtfi2         startPtV2          sadfocPtfi1        sadfocPtV1         sadfocPtfi2        sadfocPtV2         saddlePtfi1        saddlePtV1         saddlePtfi2        saddlePtV2
# 0   1  2                  3                  4                  5                  6                    7                  8                  9                  10                 11                 12                 13                 14                 15                 16                 17                 18
  0   0 +0.700000000000000 +0.010000000000000 +0.060000000000000 +1.105890371810226 +2000.000000000000000 +2.447080261320137 -0.000006572342319 +0.863305321799943 +0.000000003610536 +2.447087798181968 +0.000000000000000 +0.863305317659546 +0.000000000000000 +0.863305317659546 +0.000000000000000 +2.447087798181968 +0.000000000000000
  1   0 +0.702500000000000 +0.010000000000000 +0.060000000000000 +1.100009605052295 +2000.000000000000000 +2.443826652966151 -0.000006566196371 +0.867166714577462 +0.000000001636665 +2.443834195184591 +0.000000000000000 +0.867166712697517 +0.000000000000000 +0.867166712697517 +0.000000000000000 +2.443834195184591 +0.000000000000000
  2   0 +0.705000000000000 +0.010000000000000 +0.060000000000000 +1.094104054570837 +2000.000000000000000 +2.440561747184333 -0.000006559985712 +0.871041258462862 -0.000000000354490 +2.440569294805625 +0.000000000000000 +0.871041258870723 +0.000000000000000 +0.871041258870723 +0.000000000000000 +2.440569294805625 +0.000000000000000
  3   0 +0.707500000000000 +0.010000000000000 +0.060000000000000 +1.088388721814305 +2000.000000000000000 +2.437283004661287 -0.000006553705219 +0.874928779244627 -0.000000002363750 +2.437290557735820 +0.000000000000000 +0.874928781968824 +0.000000000000000 +0.874928781968824 +0.000000000000000 +2.437290557735820 +0.000000000000000
  4   0 +0.710000000000000 +0.010000000000000 +0.060000000000000 +1.082770589766525 +2000.000000000000000 +2.433991011018883 -0.000006547355049 +0.878829633597587 -0.000000004391215 +2.433998569596585 +0.000000000000000 +0.878829638667014 +0.000000000000000 +0.878829638667014 +0.000000000000000 +2.433998569596585 +0.000000000000000
  5   0 +0.712500000000000 +0.010000000000000 +0.060000000000000 +1.077353014560064 +2000.000000000000000 +2.430685276061104 -0.000006540933493 +0.882744032222361 -0.000000006437251 +2.430692840193056 +0.000000000000000 +0.882744039666592 +0.000000000000000 +0.882744039666592 +0.000000000000000 +2.430692840193056 +0.000000000000000
  6   0 +0.715000000000000 +0.010000000000000 +0.060000000000000 +1.071881683440271 +2000.000000000000000 +2.427366501417097 -0.000006534440945 +0.886672084943181 -0.000000008501863 +2.427374071153701 +0.000000000000000 +0.886672094792052 +0.000000000000000 +0.886672094792052 +0.000000000000000 +2.427374071153701 +0.000000000000000
  7   0 +0.717500000000000 +0.010000000000000 +0.060000000000000 +1.066658108264509 +2000.000000000000000 +2.424033586467583 -0.000006527874559 +0.890614050763337 -0.000000010585615 +2.424041161861354 +0.000000000000000 +0.890614063047611 +0.000000000000000 +0.890614063047611 +0.000000000000000 +2.424041161861354 +0.000000000000000
  7   2 +0.717500000000000 +0.030000000000000 +0.060000000000000 +1.193713993859487 +925.660019403532488 +2.424033549380216 -0.000006484586954 +0.890614050703196 -0.000000010515419 +2.424041161861354 +0.000000000000000 +0.890614063047611 +0.000000000000000 +0.890614063047611 +0.000000000000000 +2.424041161861354 +0.000000000000000
  8   0 +0.720000000000000 +0.010000000000000 +0.060000000000000 +1.061126474397581 +2000.000000000000000 +2.420687028667958 -0.000006521234268 +0.894570502645800 -0.000000012688711 +2.420694609771112 +0.000000000000000 +0.894570517396755 +0.000000000000000 +0.894570517396755 +0.000000000000000 +2.420694609771112 +0.000000000000000
  8   2 +0.720000000000000 +0.030000000000000 +0.060000000000000 +1.186852020765947 +927.108775936018333 +2.420686991563625 -0.000006477849650 +0.894570502573604 -0.000000012604296 +2.420694609771112 +0.000000000000000 +0.894570517396755 +0.000000000000000 +0.894570517396755 +0.000000000000000 +2.420694609771112 +0.000000000000000
  9   0 +0.722500000000000 +0.010000000000000 +0.060000000000000 +1.055191352980591 +2000.000000000000000 +2.417325165594562 -0.000006514516302 +0.898540484507237 -0.000000014811539 +2.417332752462191 +0.000000000000000 +0.898540501756896 +0.000000000000000 +0.898540501756896 +0.000000000000000 +2.417332752462191 +0.000000000000000
  9   2 +0.722500000000000 +0.030000000000000 +0.060000000000000 +1.180120938761334 +925.075840538451644 +2.417325128473247 -0.000006471033584 +0.898540484422837 -0.000000014712676 +2.417332752462191 +0.000000000000000 +0.898540501756896 +0.000000000000000 +0.898540501756896 +0.000000000000000 +2.417332752462191 +0.000000000000000
 10   0 +0.725000000000000 +0.010000000000000 +0.060000000000000 +1.049309193931115 +2000.000000000000000 +2.413949708683509 -0.000006507722628 +0.902525492576672 -0.000000016954233 +2.413957301368638 +0.000000000000000 +0.902525512357503 +0.000000000000000 +0.902525512357503 +0.000000000000000 +2.413957301368638 +0.000000000000000
 10   1 +0.725000000000000 +0.020000000000000 +0.060000000000000 +1.193677902931676 +1379.258673082222231 +2.413949690073998 -0.000006485947515 +0.902525492528190 -0.000000016897504 +2.413957301368638 +0.000000000000000 +0.902525512357503 +0.000000000000000 +0.902525512357503 +0.000000000000000 +2.413957301368638 +0.000000000000000
 10   2 +0.725000000000000 +0.030000000000000 +0.060000000000000 +1.173350345326909 +923.301901361464161 +2.413949671545207 -0.000006464140753 +0.902525492479918 -0.000000016840692 +2.413957301368638 +0.000000000000000 +0.902525512357503 +0.000000000000000 +0.902525512357503 +0.000000000000000 +2.413957301368638 +0.000000000000000
