# i   j  Gamma              Lambda             paramK             distTrajToEq       integrationTime      startPtfi1         startPtV1          startPtfi2         startPtV2          sadfocPtfi1        sadfocPtV1         sadfocPtfi2        sadfocPtV2         saddlePtfi1        saddlePtV1         saddlePtfi2        saddlePtV2
# 0   1  2                  3                  4                  5                  6                    7                  8                  9                  10                 11                 12                 13                 14                 15                 16                 17                 18
  0   1 +0.000000000000000 +0.071428571428571 +0.700000000000000 +1.296827521360078 +417.663456734524175 +6.283187071975341 +0.000002416204214 +3.141587253008095 -0.000007665081895 +6.283185283020012 +0.000000000000000 +3.141592928227524 +0.000000000000000 +3.141592928227524 +0.000000000000000 +6.283185283020012 +0.000000000000000
  0   1 +0.000000000000000 +0.071428571428571 +0.700000000000000 +1.297045059003231 +2000.000000000000000 +6.283183494064684 -0.000002416204214 +3.141598603446953 +0.000007665081895 +6.283185283020012 +0.000000000000000 +3.141592928227524 +0.000000000000000 +3.141592928227524 +0.000000000000000 +6.283185283020012 +0.000000000000000
  1   1 +0.071428571428571 +0.071428571428571 +0.700000000000000 +1.278831567111766 +417.413095094498431 +3.170411978181512 -0.000007659051509 +0.172534638368101 +0.000002408964043 +3.170417664732672 +0.000000000000000 +0.172532849804954 +0.000000000000000 +0.172532849804954 +0.000000000000000 +3.170417664732672 +0.000000000000000
  1   1 +0.071428571428571 +0.071428571428571 +0.700000000000000 +1.324378910945665 +2000.000000000000000 +3.170423351283831 +0.000007659051509 +0.172531061241806 -0.000002408964043 +3.170417664732672 +0.000000000000000 +0.172532849804954 +0.000000000000000 +0.172532849804954 +0.000000000000000 +3.170417664732672 +0.000000000000000
  2   1 +0.142857142857143 +0.071428571428571 +0.700000000000000 +1.274254738638511 +417.715127316219196 +3.200886800829310 -0.000007639855511 +0.352218619981120 +0.000002385735594 +3.200892523370829 +0.000000000000000 +0.352216832974681 +0.000000000000000 +0.352216832974681 +0.000000000000000 +3.200892523370829 +0.000000000000000
  2   1 +0.142857142857143 +0.071428571428571 +0.700000000000000 +1.366410623168736 +2000.000000000000000 +3.200898245912348 +0.000007639855511 +0.352215045968242 -0.000002385735594 +3.200892523370829 +0.000000000000000 +0.352216832974681 +0.000000000000000 +0.352216832974681 +0.000000000000000 +3.200892523370829 +0.000000000000000
  3   1 +0.214285714285714 +0.071428571428571 +0.700000000000000 +1.291525186068328 +416.796378451842656 +3.235494213229538 -0.000007603235605 +0.549595468037344 +0.000002340629128 +3.235500004105315 +0.000000000000000 +0.549593685336765 +0.000000000000000 +0.549593685336765 +0.000000000000000 +3.235500004105315 +0.000000000000000
  3   1 +0.214285714285714 +0.071428571428571 +0.700000000000000 +1.158185334959638 +2000.000000000000000 +3.235505794981091 +0.000007603235605 +0.549591902636185 -0.000002340629128 +3.235500004105315 +0.000000000000000 +0.549593685336765 +0.000000000000000 +0.549593685336765 +0.000000000000000 +3.235500004105315 +0.000000000000000
  4   1 +0.285714285714286 +0.071428571428571 +0.700000000000000 +1.347477784541815 +416.047316967720235 +3.280097664859040 -0.000007536188190 +0.788785956368989 +0.000002255139024 +3.280103579862631 +0.000000000000000 +0.788784186355410 +0.000000000000000 +0.788784186355410 +0.000000000000000 +3.280103579862631 +0.000000000000000
  4   2 +0.285714285714286 +0.142857142857143 +0.700000000000000 +1.444628522424920 +2000.000000000000000 +3.280109594407159 +0.000007456986927 +0.788782386555068 -0.000002231438733 +3.280103579862631 +0.000000000000000 +0.788784186355410 +0.000000000000000 +0.788784186355410 +0.000000000000000 +3.280103579862631 +0.000000000000000
