# i   j  Gamma              Lambda             paramK             distTrajToEq       integrationTime      startPtfi1         startPtV1          startPtfi2         startPtV2          sadfocPtfi1        sadfocPtV1         sadfocPtfi2        sadfocPtV2         saddlePtfi1        saddlePtV1         saddlePtfi2        saddlePtV2
# 0   1  2                  3                  4                  5                  6                    7                  8                  9                  10                 11                 12                 13                 14                 15                 16                 17                 18
 11   1 +0.785714285714286 +0.071428571428571 +0.000100000000000 +1.334001860143234 +389.806779510214653 +2.237891762035292 -0.000006008510990 +0.904007314977870 -0.000000000113982 +2.237899755644968 +0.000000000000000 +0.904007315129509 +0.000000000000000 +0.904007315129509 +0.000000000000000 +2.237899755644968 +0.000000000000000
 11   2 +0.785714285714286 +0.142857142857143 +0.000100000000000 +1.334032615074255 +201.691050914838797 +2.237891634052711 -0.000005834358506 +0.904007314975442 -0.000000000110678 +2.237899755644968 +0.000000000000000 +0.904007315129509 +0.000000000000000 +0.904007315129509 +0.000000000000000 +2.237899755644968 +0.000000000000000
 11   3 +0.785714285714286 +0.214285714285714 +0.000100000000000 +1.334041784697335 +142.485112526871831 +2.237891512106122 -0.000005660747942 +0.904007314973129 -0.000000000107385 +2.237899755644968 +0.000000000000000 +0.904007315129509 +0.000000000000000 +0.904007315129509 +0.000000000000000 +2.237899755644968 +0.000000000000000
 11   4 +0.785714285714286 +0.285714285714286 +0.000100000000000 +1.334044236881717 +111.656998048467841 +2.237891396426491 -0.000005488484892 +0.904007314970934 -0.000000000104117 +2.237899755644968 +0.000000000000000 +0.904007315129509 +0.000000000000000 +0.904007315129509 +0.000000000000000 +2.237899755644968 +0.000000000000000
 11   5 +0.785714285714286 +0.357142857142857 +0.000100000000000 +1.334046728665858 +92.433350143883473 +2.237891287146702 -0.000005318320889 +0.904007314968861 -0.000000000100889 +2.237899755644968 +0.000000000000000 +0.904007315129509 +0.000000000000000 +0.904007315129509 +0.000000000000000 +2.237899755644968 +0.000000000000000
 11   6 +0.785714285714286 +0.428571428571429 +0.000100000000000 +1.334047065540257 +82.035580198286510 +2.237891184306994 -0.000005150938293 +0.904007314966910 -0.000000000097714 +2.237899755644968 +0.000000000000000 +0.904007315129509 +0.000000000000000 +0.904007315129509 +0.000000000000000 +2.237899755644968 +0.000000000000000
 11   7 +0.785714285714286 +0.500000000000000 +0.000100000000000 +1.334048235909286 +72.225382927760563 +2.237891087863453 -0.000004986939299 +0.904007314965081 -0.000000000094603 +2.237899755644968 +0.000000000000000 +0.904007315129509 +0.000000000000000 +0.904007315129509 +0.000000000000000 +2.237899755644968 +0.000000000000000
 11   8 +0.785714285714286 +0.571428571428571 +0.000100000000000 +1.334047733775069 +66.256848399863955 +2.237890997698687 -0.000004826839226 +0.904007314963370 -0.000000000091566 +2.237899755644968 +0.000000000000000 +0.904007315129509 +0.000000000000000 +0.904007315129509 +0.000000000000000 +2.237899755644968 +0.000000000000000
 11   9 +0.785714285714286 +0.642857142857143 +0.000100000000000 +1.334048554823231 +63.044823471855786 +2.237890913633760 -0.000004671063878 +0.904007314961776 -0.000000000088611 +2.237899755644968 +0.000000000000000 +0.904007315129509 +0.000000000000000 +0.904007315129509 +0.000000000000000 +2.237899755644968 +0.000000000000000
 11  10 +0.785714285714286 +0.714285714285714 +0.000100000000000 +1.334049203824870 +2000.000000000000000 +2.237908675849414 +0.000004519950509 +0.904007315298727 +0.000000000085744 +2.237899755644968 +0.000000000000000 +0.904007315129509 +0.000000000000000 +0.904007315129509 +0.000000000000000 +2.237899755644968 +0.000000000000000
 11  10 +0.785714285714286 +0.714285714285714 +0.000100000000000 +1.334049188261577 +59.804655412462878 +2.237890835440522 -0.000004519950509 +0.904007314960292 -0.000000000085744 +2.237899755644968 +0.000000000000000 +0.904007315129509 +0.000000000000000 +0.904007315129509 +0.000000000000000 +2.237899755644968 +0.000000000000000
 11  11 +0.785714285714286 +0.785714285714286 +0.000100000000000 +1.334048430715938 +2000.000000000000000 +2.237908748436286 +0.000004373751738 +0.904007315300104 +0.000000000082971 +2.237899755644968 +0.000000000000000 +0.904007315129509 +0.000000000000000 +0.904007315129509 +0.000000000000000 +2.237899755644968 +0.000000000000000
 11  11 +0.785714285714286 +0.785714285714286 +0.000100000000000 +1.334048713815570 +57.949977149671696 +2.237890762853650 -0.000004373751738 +0.904007314958915 -0.000000000082971 +2.237899755644968 +0.000000000000000 +0.904007315129509 +0.000000000000000 +0.904007315129509 +0.000000000000000 +2.237899755644968 +0.000000000000000
 11  12 +0.785714285714286 +0.857142857142857 +0.000100000000000 +1.334048030967143 +2000.000000000000000 +2.237908815708111 +0.000004232641705 +0.904007315301380 +0.000000000080294 +2.237899755644968 +0.000000000000000 +0.904007315129509 +0.000000000000000 +0.904007315129509 +0.000000000000000 +2.237899755644968 +0.000000000000000
 11  12 +0.785714285714286 +0.857142857142857 +0.000100000000000 +1.334048320177941 +55.630382346460600 +2.237890695581825 -0.000004232641705 +0.904007314957639 -0.000000000080294 +2.237899755644968 +0.000000000000000 +0.904007315129509 +0.000000000000000 +0.904007315129509 +0.000000000000000 +2.237899755644968 +0.000000000000000
 11  13 +0.785714285714286 +0.928571428571428 +0.000100000000000 +1.334048601267229 +2000.000000000000000 +2.237908877972230 +0.000004096723728 +0.904007315302561 +0.000000000077715 +2.237899755644968 +0.000000000000000 +0.904007315129509 +0.000000000000000 +0.904007315129509 +0.000000000000000 +2.237899755644968 +0.000000000000000
 11  13 +0.785714285714286 +0.928571428571428 +0.000100000000000 +1.334048679125555 +54.016498176390051 +2.237890633317706 -0.000004096723728 +0.904007314956458 -0.000000000077715 +2.237899755644968 +0.000000000000000 +0.904007315129509 +0.000000000000000 +0.904007315129509 +0.000000000000000 +2.237899755644968 +0.000000000000000
 11  14 +0.785714285714286 +1.000000000000000 +0.000100000000000 +1.334049149178705 +2000.000000000000000 +2.237908935543446 +0.000003966038817 +0.904007315303653 +0.000000000075236 +2.237899755644968 +0.000000000000000 +0.904007315129509 +0.000000000000000 +0.904007315129509 +0.000000000000000 +2.237899755644968 +0.000000000000000
 11  14 +0.785714285714286 +1.000000000000000 +0.000100000000000 +1.334049092706418 +54.234905783715469 +2.237890575746490 -0.000003966038817 +0.904007314955366 -0.000000000075236 +2.237899755644968 +0.000000000000000 +0.904007315129509 +0.000000000000000 +0.904007315129509 +0.000000000000000 +2.237899755644968 +0.000000000000000
 12   1 +0.857142857142857 +0.071428571428571 +0.000100000000000 +1.082319707162097 +382.756968168048218 +2.112059050571669 -0.000005639652619 +1.029868026975741 -0.000000000256969 +2.112067308556783 +0.000000000000000 +1.029868027352013 +0.000000000000000 +1.029868027352013 +0.000000000000000 +2.112067308556783 +0.000000000000000
 12   2 +0.857142857142857 +0.142857142857143 +0.000100000000000 +1.082352388568867 +199.276902793822643 +2.112058923646966 -0.000005449154719 +1.029868026969958 -0.000000000248289 +2.112067308556783 +0.000000000000000 +1.029868027352013 +0.000000000000000 +1.029868027352013 +0.000000000000000 +2.112067308556783 +0.000000000000000
 12   3 +0.857142857142857 +0.214285714285714 +0.000100000000000 +1.082361324793409 +139.137170680885674 +2.112058804085902 -0.000005260605938 +1.029868026964510 -0.000000000239698 +2.112067308556783 +0.000000000000000 +1.029868027352013 +0.000000000000000 +1.029868027352013 +0.000000000000000 +2.112067308556783 +0.000000000000000
 12   4 +0.857142857142857 +0.285714285714286 +0.000100000000000 +1.082365298288584 +109.538632007382773 +2.112058692023636 -0.000005074973529 +1.029868026959404 -0.000000000231239 +2.112067308556783 +0.000000000000000 +1.029868027352013 +0.000000000000000 +1.029868027352013 +0.000000000000000 +2.112067308556783 +0.000000000000000
 12   5 +0.857142857142857 +0.357142857142857 +0.000100000000000 +1.082366341103487 +92.940035459836167 +2.112058587470317 -0.000004893122791 +1.029868026954640 -0.000000000222953 +2.112067308556783 +0.000000000000000 +1.029868027352013 +0.000000000000000 +1.029868027352013 +0.000000000000000 +2.112067308556783 +0.000000000000000
 12   6 +0.857142857142857 +0.428571428571429 +0.000100000000000 +1.082368614574776 +81.979268644744948 +2.112058490324366 -0.000004715800762 +1.029868026950214 -0.000000000214874 +2.112067308556783 +0.000000000000000 +1.029868027352013 +0.000000000000000 +1.029868027352013 +0.000000000000000 +2.112067308556783 +0.000000000000000
 12   7 +0.857142857142857 +0.500000000000000 +0.000100000000000 +1.082367859488672 +74.654080193173627 +2.112058400389073 -0.000004543627168 +1.029868026946116 -0.000000000207029 +2.112067308556783 +0.000000000000000 +1.029868027352013 +0.000000000000000 +1.029868027352013 +0.000000000000000 +2.112067308556783 +0.000000000000000
 12   8 +0.857142857142857 +0.571428571428571 +0.000100000000000 +1.082369034997462 +68.298700099493118 +2.112058317390908 -0.000004377092185 +1.029868026942334 -0.000000000199441 +2.112067308556783 +0.000000000000000 +1.029868027352013 +0.000000000000000 +1.029868027352013 +0.000000000000000 +2.112067308556783 +0.000000000000000
 12   9 +0.857142857142857 +0.642857142857143 +0.000100000000000 +1.082369857286700 +64.832127436793144 +2.112058240998075 -0.000004216560077 +1.029868026938853 -0.000000000192126 +2.112067308556783 +0.000000000000000 +1.029868027352013 +0.000000000000000 +1.029868027352013 +0.000000000000000 +2.112067308556783 +0.000000000000000
 12  10 +0.857142857142857 +0.714285714285714 +0.000100000000000 +1.474906387002451 +2000.000000000000000 +2.112076446275422 +0.000004062277424 +1.029868027768370 +0.000000000185096 +2.112067308556783 +0.000000000000000 +1.029868027352013 +0.000000000000000 +1.029868027352013 +0.000000000000000 +2.112067308556783 +0.000000000000000
 12  10 +0.857142857142857 +0.714285714285714 +0.000100000000000 +1.082368774343051 +62.534292372132633 +2.112058170838144 -0.000004062277424 +1.029868026935656 -0.000000000185096 +2.112067308556783 +0.000000000000000 +1.029868027352013 +0.000000000000000 +1.029868027352013 +0.000000000000000 +2.112067308556783 +0.000000000000000
 12  11 +0.857142857142857 +0.785714285714286 +0.000100000000000 +1.368976168432427 +2000.000000000000000 +2.112076510599658 +0.000003914384591 +1.029868027771301 +0.000000000178357 +2.112067308556783 +0.000000000000000 +1.029868027352013 +0.000000000000000 +1.029868027352013 +0.000000000000000 +2.112067308556783 +0.000000000000000
 12  11 +0.857142857142857 +0.785714285714286 +0.000100000000000 +1.082368850797699 +60.037602924700373 +2.112058106513908 -0.000003914384591 +1.029868026932725 -0.000000000178357 +2.112067308556783 +0.000000000000000 +1.029868027352013 +0.000000000000000 +1.029868027352013 +0.000000000000000 +2.112067308556783 +0.000000000000000
 12  12 +0.857142857142857 +0.857142857142857 +0.000100000000000 +1.082369362803660 +2000.000000000000000 +2.112076569496577 +0.000003772929092 +1.029868027773984 +0.000000000171912 +2.112067308556783 +0.000000000000000 +1.029868027352013 +0.000000000000000 +1.029868027352013 +0.000000000000000 +2.112067308556783 +0.000000000000000
 12  12 +0.857142857142857 +0.857142857142857 +0.000100000000000 +1.082369415981866 +58.530240372329644 +2.112058047616989 -0.000003772929092 +1.029868026930042 -0.000000000171912 +2.112067308556783 +0.000000000000000 +1.029868027352013 +0.000000000000000 +1.029868027352013 +0.000000000000000 +2.112067308556783 +0.000000000000000
 12  13 +0.857142857142857 +0.928571428571428 +0.000100000000000 +1.082369860195832 +2000.000000000000000 +2.112076623374589 +0.000003637879743 +1.029868027776439 +0.000000000165759 +2.112067308556783 +0.000000000000000 +1.029868027352013 +0.000000000000000 +1.029868027352013 +0.000000000000000 +2.112067308556783 +0.000000000000000
 12  13 +0.857142857142857 +0.928571428571428 +0.000100000000000 +1.082369904380610 +56.701046103740346 +2.112057993738977 -0.000003637879743 +1.029868026927587 -0.000000000165759 +2.112067308556783 +0.000000000000000 +1.029868027352013 +0.000000000000000 +1.029868027352013 +0.000000000000000 +2.112067308556783 +0.000000000000000
 12  14 +0.857142857142857 +1.000000000000000 +0.000100000000000 +1.082370245383032 +2000.000000000000000 +2.112076672633434 +0.000003509140672 +1.029868027778684 +0.000000000159893 +2.112067308556783 +0.000000000000000 +1.029868027352013 +0.000000000000000 +1.029868027352013 +0.000000000000000 +2.112067308556783 +0.000000000000000
 12  14 +0.857142857142857 +1.000000000000000 +0.000100000000000 +1.082370238290904 +57.214681260072091 +2.112057944480132 -0.000003509140672 +1.029868026925342 -0.000000000159893 +2.112067308556783 +0.000000000000000 +1.029868027352013 +0.000000000000000 +1.029868027352013 +0.000000000000000 +2.112067308556783 +0.000000000000000
 13   1 +0.928571428571428 +0.071428571428571 +0.000100000000000 +1.075518839507736 +2000.000000000000000 +1.951241736322426 +0.000004982347813 +1.190730736845494 +0.000000000486276 +1.951233065900907 +0.000000000000000 +1.190730735999264 +0.000000000000000 +1.190730735999264 +0.000000000000000 +1.951233065900907 +0.000000000000000
 13   1 +0.928571428571428 +0.071428571428571 +0.000100000000000 +0.760631152339134 +373.736669864914688 +1.951224395479388 -0.000004982347813 +1.190730735153033 -0.000000000486276 +1.951233065900907 +0.000000000000000 +1.190730735999264 +0.000000000000000 +1.190730735999264 +0.000000000000000 +1.951233065900907 +0.000000000000000
 13   2 +0.928571428571428 +0.142857142857143 +0.000100000000000 +1.075518925120595 +2000.000000000000000 +1.951241857409805 +0.000004765434958 +1.190730736857312 +0.000000000465105 +1.951233065900907 +0.000000000000000 +1.190730735999264 +0.000000000000000 +1.190730735999264 +0.000000000000000 +1.951233065900907 +0.000000000000000
 13   2 +0.928571428571428 +0.142857142857143 +0.000100000000000 +0.760667788959705 +199.029227775294004 +1.951224274392009 -0.000004765434958 +1.190730735141215 -0.000000000465105 +1.951233065900907 +0.000000000000000 +1.190730735999264 +0.000000000000000 +1.190730735999264 +0.000000000000000 +1.951233065900907 +0.000000000000000
 13   3 +0.928571428571428 +0.214285714285714 +0.000100000000000 +1.075519003879205 +2000.000000000000000 +1.951241968802819 +0.000004553936384 +1.190730736868184 +0.000000000444463 +1.951233065900907 +0.000000000000000 +1.190730735999264 +0.000000000000000 +1.190730735999264 +0.000000000000000 +1.951233065900907 +0.000000000000000
 13   3 +0.928571428571428 +0.214285714285714 +0.000100000000000 +0.760678252001552 +138.989714085955256 +1.951224162998995 -0.000004553936384 +1.190730735130343 -0.000000000444463 +1.951233065900907 +0.000000000000000 +1.190730735999264 +0.000000000000000 +1.190730735999264 +0.000000000000000 +1.951233065900907 +0.000000000000000
 13   4 +0.928571428571428 +0.285714285714286 +0.000100000000000 +1.075519075899817 +2000.000000000000000 +1.951242070665887 +0.000004349046643 +1.190730736878126 +0.000000000424466 +1.951233065900907 +0.000000000000000 +1.190730735999264 +0.000000000000000 +1.190730735999264 +0.000000000000000 +1.951233065900907 +0.000000000000000
 13   4 +0.928571428571428 +0.285714285714286 +0.000100000000000 +0.760681712617994 +110.098408860280841 +1.951224061135927 -0.000004349046643 +1.190730735120401 -0.000000000424466 +1.951233065900907 +0.000000000000000 +1.190730735999264 +0.000000000000000 +1.190730735999264 +0.000000000000000 +1.951233065900907 +0.000000000000000
 13   5 +0.928571428571428 +0.357142857142857 +0.000100000000000 +1.075519141414664 +2000.000000000000000 +1.951242163327467 +0.000004151726031 +1.190730736887170 +0.000000000405207 +1.951233065900907 +0.000000000000000 +1.190730735999264 +0.000000000000000 +1.190730735999264 +0.000000000000000 +1.951233065900907 +0.000000000000000
 13   5 +0.928571428571428 +0.357142857142857 +0.000100000000000 +0.760682929801305 +92.007527924853164 +1.951223968474347 -0.000004151726031 +1.190730735111357 -0.000000000405207 +1.951233065900907 +0.000000000000000 +1.190730735999264 +0.000000000000000 +1.190730735999264 +0.000000000000000 +1.951233065900907 +0.000000000000000
 13   6 +0.928571428571428 +0.428571428571429 +0.000100000000000 +1.075519200746493 +2000.000000000000000 +1.951242247244038 +0.000003962693195 +1.190730736895360 +0.000000000386758 +1.951233065900907 +0.000000000000000 +1.190730735999264 +0.000000000000000 +1.190730735999264 +0.000000000000000 +1.951233065900907 +0.000000000000000
 13   6 +0.928571428571428 +0.428571428571429 +0.000100000000000 +0.760684875566252 +83.580763739729377 +1.951223884557776 -0.000003962693195 +1.190730735103167 -0.000000000386758 +1.951233065900907 +0.000000000000000 +1.190730735999264 +0.000000000000000 +1.190730735999264 +0.000000000000000 +1.951233065900907 +0.000000000000000
 13   7 +0.928571428571428 +0.500000000000000 +0.000100000000000 +1.075519254282400 +2000.000000000000000 +1.951242322963093 +0.000003782432912 +1.190730736902750 +0.000000000369164 +1.951233065900907 +0.000000000000000 +1.190730735999264 +0.000000000000000 +1.190730735999264 +0.000000000000000 +1.951233065900907 +0.000000000000000
 13   7 +0.928571428571428 +0.500000000000000 +0.000100000000000 +0.760686673624070 +75.756788440190888 +1.951223808838721 -0.000003782432912 +1.190730735095777 -0.000000000369164 +1.951233065900907 +0.000000000000000 +1.190730735999264 +0.000000000000000 +1.190730735999264 +0.000000000000000 +1.951233065900907 +0.000000000000000
 13   8 +0.928571428571428 +0.571428571428571 +0.000100000000000 +1.075519302449249 +2000.000000000000000 +1.951242391088370 +0.000003611215562 +1.190730736909399 +0.000000000352454 +1.951233065900907 +0.000000000000000 +1.190730735999264 +0.000000000000000 +1.190730735999264 +0.000000000000000 +1.951233065900907 +0.000000000000000
 13   8 +0.928571428571428 +0.571428571428571 +0.000100000000000 +0.760685112724128 +71.917474936280442 +1.951223740713444 -0.000003611215562 +1.190730735089128 -0.000000000352454 +1.951233065900907 +0.000000000000000 +1.190730735999264 +0.000000000000000 +1.190730735999264 +0.000000000000000 +1.951233065900907 +0.000000000000000
 13   9 +0.928571428571428 +0.642857142857143 +0.000100000000000 +1.075519345692243 +2000.000000000000000 +1.951242452249543 +0.000003449124285 +1.190730736915369 +0.000000000336634 +1.951233065900907 +0.000000000000000 +1.190730735999264 +0.000000000000000 +1.190730735999264 +0.000000000000000 +1.951233065900907 +0.000000000000000
 13   9 +0.928571428571428 +0.642857142857143 +0.000100000000000 +0.760685613714103 +70.574186051571971 +1.951223679552271 -0.000003449124285 +1.190730735083159 -0.000000000336634 +1.951233065900907 +0.000000000000000 +1.190730735999264 +0.000000000000000 +1.190730735999264 +0.000000000000000 +1.951233065900907 +0.000000000000000
 13  10 +0.928571428571428 +0.714285714285714 +0.000100000000000 +1.075519384457458 +2000.000000000000000 +1.951242507077527 +0.000003296086025 +1.190730736920720 +0.000000000321697 +1.951233065900907 +0.000000000000000 +1.190730735999264 +0.000000000000000 +1.190730735999264 +0.000000000000000 +1.951233065900907 +0.000000000000000
 13  10 +0.928571428571428 +0.714285714285714 +0.000100000000000 +0.760686589980780 +66.761682408932941 +1.951223624724287 -0.000003296086025 +1.190730735077808 -0.000000000321697 +1.951233065900907 +0.000000000000000 +1.190730735999264 +0.000000000000000 +1.190730735999264 +0.000000000000000 +1.951233065900907 +0.000000000000000
 13  11 +0.928571428571428 +0.785714285714286 +0.000100000000000 +1.075519419178556 +2000.000000000000000 +1.951242556185673 +0.000003151903253 +1.190730736925513 +0.000000000307625 +1.951233065900907 +0.000000000000000 +1.190730735999264 +0.000000000000000 +1.190730735999264 +0.000000000000000 +1.951233065900907 +0.000000000000000
 13  11 +0.928571428571428 +0.785714285714286 +0.000100000000000 +0.760687299279749 +66.041986524488578 +1.951223575616141 -0.000003151903253 +1.190730735073015 -0.000000000307625 +1.951233065900907 +0.000000000000000 +1.190730735999264 +0.000000000000000 +1.190730735999264 +0.000000000000000 +1.951233065900907 +0.000000000000000
 13  12 +0.928571428571428 +0.857142857142857 +0.000100000000000 +1.030110932311317 +2000.000000000000000 +1.951242600156492 +0.000003016284054 +1.190730736929804 +0.000000000294388 +1.951233065900907 +0.000000000000000 +1.190730735999264 +0.000000000000000 +1.190730735999264 +0.000000000000000 +1.951233065900907 +0.000000000000000
 13  12 +0.928571428571428 +0.857142857142857 +0.000100000000000 +0.760687718081092 +69.436830920041047 +1.951223531645322 -0.000003016284054 +1.190730735068723 -0.000000000294388 +1.951233065900907 +0.000000000000000 +1.190730735999264 +0.000000000000000 +1.190730735999264 +0.000000000000000 +1.951233065900907 +0.000000000000000
 13  13 +0.928571428571428 +0.928571428571428 +0.000100000000000 +0.760687904345753 +2000.000000000000000 +1.951242639533164 +0.000002888869061 +1.190730736933647 +0.000000000281953 +1.951233065900907 +0.000000000000000 +1.190730735999264 +0.000000000000000 +1.190730735999264 +0.000000000000000 +1.951233065900907 +0.000000000000000
 13  13 +0.928571428571428 +0.928571428571428 +0.000100000000000 +0.760687904171655 +65.024387461135831 +1.951223492268650 -0.000002888869061 +1.190730735064880 -0.000000000281953 +1.951233065900907 +0.000000000000000 +1.190730735999264 +0.000000000000000 +1.190730735999264 +0.000000000000000 +1.951233065900907 +0.000000000000000
 13  14 +0.928571428571428 +1.000000000000000 +0.000100000000000 +0.760683362908006 +2000.000000000000000 +1.951242674814924 +0.000002769254496 +1.190730736937091 +0.000000000270278 +1.951233065900907 +0.000000000000000 +1.190730735999264 +0.000000000000000 +1.190730735999264 +0.000000000000000 +1.951233065900907 +0.000000000000000
 13  14 +0.928571428571428 +1.000000000000000 +0.000100000000000 +0.760683596821236 +66.194269354021969 +1.951223456986890 -0.000002769254496 +1.190730735061436 -0.000000000270278 +1.951233065900907 +0.000000000000000 +1.190730735999264 +0.000000000000000 +1.190730735999264 +0.000000000000000 +1.951233065900907 +0.000000000000000
