# i   j  Gamma              Lambda             paramK             distTrajToEq       integrationTime      startPtfi1         startPtV1          startPtfi2         startPtV2          sadfocPtfi1        sadfocPtV1         sadfocPtfi2        sadfocPtV2         saddlePtfi1        saddlePtV1         saddlePtfi2        saddlePtV2
# 0   1  2                  3                  4                  5                  6                    7                  8                  9                  10                 11                 12                 13                 14                 15                 16                 17                 18
  0   0 +0.850000000000000 +0.800000000000000 +0.060000000000000 +1.165672550156690 +58.165809214849602 +2.219708909736926 -0.000004168157241 +1.127316612554295 -0.000000111328066 +2.219717995724932 +0.000000000000000 +1.127316855233592 +0.000000000000000 +1.127316855233592 +0.000000000000000 +2.219717995724932 +0.000000000000000
  0   0 +0.850000000000000 +0.800000000000000 +0.060000000000000 +1.156478007581955 +1000.000000000000000 +2.219727081712938 +0.000004168157241 +1.127317097912889 +0.000000111328066 +2.219717995724932 +0.000000000000000 +1.127316855233592 +0.000000000000000 +1.127316855233592 +0.000000000000000 +2.219717995724932 +0.000000000000000
  0   1 +0.850000000000000 +0.850000000000000 +0.060000000000000 +1.164536911367826 +56.149464161950512 +2.219708865030471 -0.000004069291275 +1.127316611360222 -0.000000108687437 +2.219717995724932 +0.000000000000000 +1.127316855233592 +0.000000000000000 +1.127316855233592 +0.000000000000000 +2.219717995724932 +0.000000000000000
  0   1 +0.850000000000000 +0.850000000000000 +0.060000000000000 +1.152729811137837 +1000.000000000000000 +2.219727126419393 +0.000004069291275 +1.127317099106962 +0.000000108687437 +2.219717995724932 +0.000000000000000 +1.127316855233592 +0.000000000000000 +1.127316855233592 +0.000000000000000 +2.219717995724932 +0.000000000000000
  0   2 +0.850000000000000 +0.900000000000000 +0.060000000000000 +1.163618610057937 +56.271805275120087 +2.219708822807636 -0.000003973197843 +1.127316610232485 -0.000000106120860 +2.219717995724932 +0.000000000000000 +1.127316855233592 +0.000000000000000 +1.127316855233592 +0.000000000000000 +2.219717995724932 +0.000000000000000
  0   2 +0.850000000000000 +0.900000000000000 +0.060000000000000 +1.157390351523542 +1000.000000000000000 +2.219727168642228 +0.000003973197843 +1.127317100234699 +0.000000106120860 +2.219717995724932 +0.000000000000000 +1.127316855233592 +0.000000000000000 +1.127316855233592 +0.000000000000000 +2.219717995724932 +0.000000000000000
  1   0 +0.920000000000000 +0.800000000000000 +0.060000000000000 +0.848449192287176 +61.059513972614454 +2.069940156642608 -0.000003493154459 +1.294277343905671 -0.000000198424320 +2.069949509516122 +0.000000000000000 +1.294277875184085 +0.000000000000000 +1.294277875184085 +0.000000000000000 +2.069949509516122 +0.000000000000000
  1   0 +0.920000000000000 +0.800000000000000 +0.060000000000000 +1.096971583058030 +1000.000000000000000 +2.069958862389635 +0.000003493154459 +1.294278406462500 +0.000000198424320 +2.069949509516122 +0.000000000000000 +1.294277875184085 +0.000000000000000 +1.294277875184085 +0.000000000000000 +2.069949509516122 +0.000000000000000
  1   1 +0.920000000000000 +0.850000000000000 +0.060000000000000 +0.847974792725990 +61.727214501310371 +2.069940120894815 -0.000003395903563 +1.294277341875062 -0.000000192900103 +2.069949509516122 +0.000000000000000 +1.294277875184085 +0.000000000000000 +1.294277875184085 +0.000000000000000 +2.069949509516122 +0.000000000000000
  1   1 +0.920000000000000 +0.850000000000000 +0.060000000000000 +1.096971606899543 +1000.000000000000000 +2.069958898137428 +0.000003395903563 +1.294278408493109 +0.000000192900103 +2.069949509516122 +0.000000000000000 +1.294277875184085 +0.000000000000000 +1.294277875184085 +0.000000000000000 +2.069949509516122 +0.000000000000000
  1   2 +0.920000000000000 +0.900000000000000 +0.060000000000000 +0.847593052472582 +60.008203380018401 +2.069940087553204 -0.000003302269798 +1.294277339981133 -0.000000187581352 +2.069949509516122 +0.000000000000000 +1.294277875184085 +0.000000000000000 +1.294277875184085 +0.000000000000000 +2.069949509516122 +0.000000000000000
  1   2 +0.920000000000000 +0.900000000000000 +0.060000000000000 +0.844812699961606 +1000.000000000000000 +2.069958931479039 +0.000003302269798 +1.294278410387038 +0.000000187581352 +2.069949509516122 +0.000000000000000 +1.294277875184085 +0.000000000000000 +1.294277875184085 +0.000000000000000 +2.069949509516122 +0.000000000000000
