# i   j  Gamma              Lambda             paramK             distTrajToEq       integrationTime      startPtfi1         startPtV1          startPtfi2         startPtV2          sadfocPtfi1        sadfocPtV1         sadfocPtfi2        sadfocPtV2         saddlePtfi1        saddlePtV1         saddlePtfi2        saddlePtV2
# 0   1  2                  3                  4                  5                  6                    7                  8                  9                  10                 11                 12                 13                 14                 15                 16                 17                 18
  0   0 +0.650000000000000 +0.050000000000000 +0.060000000000000 +2.434089948487622 +1000.000000000000000 +2.509702589470430 +0.000006600423750 +0.788537302533869 -0.000000039238685 +2.509695077421954 +0.000000000000000 +0.788537347192048 +0.000000000000000 +0.788537347192048 +0.000000000000000 +2.509695077421954 +0.000000000000000
  0   0 +0.650000000000000 +0.050000000000000 +0.060000000000000 +1.444028994077012 +564.050569005930583 +2.509687565373479 -0.000006600423750 +0.788537391850227 +0.000000039238685 +2.509695077421954 +0.000000000000000 +0.788537347192048 +0.000000000000000 +0.788537347192048 +0.000000000000000 +2.509695077421954 +0.000000000000000
  0   1 +0.650000000000000 +0.100000000000000 +0.060000000000000 +2.434090012234786 +1000.000000000000000 +2.509702679089956 +0.000006497007740 +0.788537302001092 -0.000000038623890 +2.509695077421954 +0.000000000000000 +0.788537347192048 +0.000000000000000 +0.788537347192048 +0.000000000000000 +2.509695077421954 +0.000000000000000
  0   1 +0.650000000000000 +0.100000000000000 +0.060000000000000 +1.590308837882400 +288.813976695160363 +2.509687475753953 -0.000006497007740 +0.788537392383003 +0.000000038623890 +2.509695077421954 +0.000000000000000 +0.788537347192048 +0.000000000000000 +0.788537347192048 +0.000000000000000 +2.509695077421954 +0.000000000000000
  0   2 +0.650000000000000 +0.150000000000000 +0.060000000000000 +2.434090074607687 +1000.000000000000000 +2.509702766777465 +0.000006392986611 +0.788537301479801 -0.000000038005498 +2.509695077421954 +0.000000000000000 +0.788537347192048 +0.000000000000000 +0.788537347192048 +0.000000000000000 +2.509695077421954 +0.000000000000000
  0   2 +0.650000000000000 +0.150000000000000 +0.060000000000000 +1.660138213836953 +199.427217791619768 +2.509687388066444 -0.000006392986611 +0.788537392904295 +0.000000038005498 +2.509695077421954 +0.000000000000000 +0.788537347192048 +0.000000000000000 +0.788537347192048 +0.000000000000000 +2.509695077421954 +0.000000000000000
  1   0 +0.700000000000000 +0.050000000000000 +0.060000000000000 +2.239812048205177 +1000.000000000000000 +2.447095408672283 +0.000006486941266 +0.863305313478700 -0.000000003563620 +2.447087798181968 +0.000000000000000 +0.863305317659546 +0.000000000000000 +0.863305317659546 +0.000000000000000 +2.447087798181968 +0.000000000000000
  1   0 +0.700000000000000 +0.050000000000000 +0.060000000000000 +1.320009898984513 +563.010530432424957 +2.447080187691654 -0.000006486941266 +0.863305321840391 +0.000000003563620 +2.447087798181968 +0.000000000000000 +0.863305317659546 +0.000000000000000 +0.863305317659546 +0.000000000000000 +2.447087798181968 +0.000000000000000
  1   1 +0.700000000000000 +0.100000000000000 +0.060000000000000 +2.239812112046195 +1000.000000000000000 +2.447095498907763 +0.000006379560491 +0.863305313429129 -0.000000003504630 +2.447087798181968 +0.000000000000000 +0.863305317659546 +0.000000000000000 +0.863305317659546 +0.000000000000000 +2.447087798181968 +0.000000000000000
  1   1 +0.700000000000000 +0.100000000000000 +0.060000000000000 +1.468666756798419 +287.563842784182839 +2.447080097456174 -0.000006379560491 +0.863305321889962 +0.000000003504630 +2.447087798181968 +0.000000000000000 +0.863305317659546 +0.000000000000000 +0.863305317659546 +0.000000000000000 +2.447087798181968 +0.000000000000000
  1   2 +0.700000000000000 +0.150000000000000 +0.060000000000000 +2.239812174386760 +1000.000000000000000 +2.447095587022445 +0.000006271677116 +0.863305313380723 -0.000000003445364 +2.447087798181968 +0.000000000000000 +0.863305317659546 +0.000000000000000 +0.863305317659546 +0.000000000000000 +2.447087798181968 +0.000000000000000
  1   2 +0.700000000000000 +0.150000000000000 +0.060000000000000 +1.534258135358390 +195.615153059559844 +2.447080009341491 -0.000006271677116 +0.863305321938368 +0.000000003445364 +2.447087798181968 +0.000000000000000 +0.863305317659546 +0.000000000000000 +0.863305317659546 +0.000000000000000 +2.447087798181968 +0.000000000000000
  2   0 +0.750000000000000 +0.050000000000000 +0.060000000000000 +2.030994986260689 +1000.000000000000000 +2.379360527549343 +0.000006345825139 +0.943226359820455 +0.000000039007891 +2.379352799242616 +0.000000000000000 +0.943226312314427 +0.000000000000000 +0.943226312314427 +0.000000000000000 +2.379352799242616 +0.000000000000000
  2   0 +0.750000000000000 +0.050000000000000 +0.060000000000000 +1.189253999231225 +551.295411380251721 +2.379345070935890 -0.000006345825139 +0.943226264808399 -0.000000039007891 +2.379352799242616 +0.000000000000000 +0.943226312314427 +0.000000000000000 +0.943226312314427 +0.000000000000000 +2.379352799242616 +0.000000000000000
  2   1 +0.750000000000000 +0.100000000000000 +0.060000000000000 +2.030995050084565 +1000.000000000000000 +2.379360618368445 +0.000006233577853 +0.943226360378722 +0.000000038317905 +2.379352799242616 +0.000000000000000 +0.943226312314427 +0.000000000000000 +0.943226312314427 +0.000000000000000 +2.379352799242616 +0.000000000000000
  2   1 +0.750000000000000 +0.100000000000000 +0.060000000000000 +1.338576481507324 +280.681971517387467 +2.379344980116788 -0.000006233577853 +0.943226264250132 -0.000000038317905 +2.379352799242616 +0.000000000000000 +0.943226312314427 +0.000000000000000 +0.943226312314427 +0.000000000000000 +2.379352799242616 +0.000000000000000
  2   2 +0.750000000000000 +0.150000000000000 +0.060000000000000 +2.030995112248696 +1000.000000000000000 +2.379360706825788 +0.000006120976225 +0.943226360922470 +0.000000037625741 +2.379352799242616 +0.000000000000000 +0.943226312314427 +0.000000000000000 +0.943226312314427 +0.000000000000000 +2.379352799242616 +0.000000000000000
  2   2 +0.750000000000000 +0.150000000000000 +0.060000000000000 +1.400019369093889 +195.432683056661233 +2.379344891659445 -0.000006120976225 +0.943226263706384 -0.000000037625741 +2.379352799242616 +0.000000000000000 +0.943226312314427 +0.000000000000000 +0.943226312314427 +0.000000000000000 +2.379352799242616 +0.000000000000000
