# i   j  Gamma              Lambda             paramK             distTrajToEq       integrationTime      startPtfi1         startPtV1          startPtfi2         startPtV2          sadfocPtfi1        sadfocPtV1         sadfocPtfi2        sadfocPtV2         saddlePtfi1        saddlePtV1         saddlePtfi2        saddlePtV2
# 0   1  2                  3                  4                  5                  6                    7                  8                  9                  10                 11                 12                 13                 14                 15                 16                 17                 18
  0   0 +0.450000000000000 +0.250000000000000 +0.060000000000000 +2.178741418829878 +125.818232269773048 +2.728186703664779 -0.000006513556464 +0.521609600369651 +0.000000130121056 +2.728194288761366 +0.000000000000000 +0.521609448842481 +0.000000000000000 +0.521609448842481 +0.000000000000000 +2.728194288761366 +0.000000000000000
  0   1 +0.450000000000000 +0.300000000000000 +0.060000000000000 +2.194448692300808 +107.166070400891229 +2.728186622750826 -0.000006418129824 +0.521609601986066 +0.000000128214722 +2.728194288761366 +0.000000000000000 +0.521609448842481 +0.000000000000000 +0.521609448842481 +0.000000000000000 +2.728194288761366 +0.000000000000000
  0   1 +0.450000000000000 +0.300000000000000 +0.060000000000000 +2.920929996023328 +1000.000000000000000 +2.728201954771905 +0.000006418129824 +0.521609295698897 -0.000000128214722 +2.728194288761366 +0.000000000000000 +0.521609448842481 +0.000000000000000 +0.521609448842481 +0.000000000000000 +2.728194288761366 +0.000000000000000
  0   2 +0.450000000000000 +0.350000000000000 +0.060000000000000 +2.201786996852427 +94.341700785175973 +2.728186543691023 -0.000006322498985 +0.521609603565440 +0.000000126304308 +2.728194288761366 +0.000000000000000 +0.521609448842481 +0.000000000000000 +0.521609448842481 +0.000000000000000 +2.728194288761366 +0.000000000000000
  0   2 +0.450000000000000 +0.350000000000000 +0.060000000000000 +2.828465423160317 +1000.000000000000000 +2.728202033831708 +0.000006322498985 +0.521609294119522 -0.000000126304308 +2.728194288761366 +0.000000000000000 +0.521609448842481 +0.000000000000000 +0.521609448842481 +0.000000000000000 +2.728194288761366 +0.000000000000000
  1   0 +0.500000000000000 +0.250000000000000 +0.060000000000000 +2.074097417618892 +124.922605756747970 +2.677084653946197 -0.000006451432482 +0.584790161118786 +0.000000111572576 +2.677092292605689 +0.000000000000000 +0.584790029014029 +0.000000000000000 +0.584790029014029 +0.000000000000000 +2.677092292605689 +0.000000000000000
  1   0 +0.500000000000000 +0.250000000000000 +0.060000000000000 +2.958967732527143 +1000.000000000000000 +2.677099931265181 +0.000006451432482 +0.584789896909273 -0.000000111572576 +2.677092292605689 +0.000000000000000 +0.584790029014029 +0.000000000000000 +0.584790029014029 +0.000000000000000 +2.677092292605689 +0.000000000000000
  1   1 +0.500000000000000 +0.300000000000000 +0.060000000000000 +2.086351450242014 +107.369895007857380 +2.677084572889427 -0.000006354217554 +0.584790162520601 +0.000000109891319 +2.677092292605689 +0.000000000000000 +0.584790029014029 +0.000000000000000 +0.584790029014029 +0.000000000000000 +2.677092292605689 +0.000000000000000
  1   1 +0.500000000000000 +0.300000000000000 +0.060000000000000 +2.873784724853307 +1000.000000000000000 +2.677100012321951 +0.000006354217554 +0.584789895507458 -0.000000109891319 +2.677092292605689 +0.000000000000000 +0.584790029014029 +0.000000000000000 +0.584790029014029 +0.000000000000000 +2.677092292605689 +0.000000000000000
  1   2 +0.500000000000000 +0.350000000000000 +0.060000000000000 +2.094532285183647 +93.927035660390700 +2.677084493771192 -0.000006256858667 +0.584790163888890 +0.000000108207571 +2.677092292605689 +0.000000000000000 +0.584790029014029 +0.000000000000000 +0.584790029014029 +0.000000000000000 +2.677092292605689 +0.000000000000000
  1   2 +0.500000000000000 +0.350000000000000 +0.060000000000000 +2.775683468217948 +1000.000000000000000 +2.677100091440186 +0.000006256858667 +0.584789894139169 -0.000000108207571 +2.677092292605689 +0.000000000000000 +0.584790029014029 +0.000000000000000 +0.584790029014029 +0.000000000000000 +2.677092292605689 +0.000000000000000
  2   0 +0.550000000000000 +0.250000000000000 +0.060000000000000 +2.791622498673890 +1000.000000000000000 +2.623982846815850 +0.000006377625935 +0.650003742556223 -0.000000090146998 +2.623975145782677 +0.000000000000000 +0.650003851409427 +0.000000000000000 +0.650003851409427 +0.000000000000000 +2.623975145782677 +0.000000000000000
  2   0 +0.550000000000000 +0.250000000000000 +0.060000000000000 +1.965809131704591 +125.745647048510904 +2.623967444749503 -0.000006377625935 +0.650003960262632 +0.000000090146998 +2.623975145782677 +0.000000000000000 +0.650003851409427 +0.000000000000000 +0.650003851409427 +0.000000000000000 +2.623975145782677 +0.000000000000000
  2   1 +0.550000000000000 +0.300000000000000 +0.060000000000000 +2.791622556887105 +1000.000000000000000 +2.623982927994482 +0.000006278312187 +0.650003741408772 -0.000000088743209 +2.623975145782677 +0.000000000000000 +0.650003851409427 +0.000000000000000 +0.650003851409427 +0.000000000000000 +2.623975145782677 +0.000000000000000
  2   1 +0.550000000000000 +0.300000000000000 +0.060000000000000 +1.974456312262302 +106.802865174951776 +2.623967363570871 -0.000006278312187 +0.650003961410082 +0.000000088743209 +2.623975145782677 +0.000000000000000 +0.650003851409427 +0.000000000000000 +0.650003851409427 +0.000000000000000 +2.623975145782677 +0.000000000000000
  2   2 +0.550000000000000 +0.350000000000000 +0.060000000000000 +2.722832197709287 +1000.000000000000000 +2.623983007133678 +0.000006178930728 +0.650003740290149 -0.000000087338464 +2.623975145782677 +0.000000000000000 +0.650003851409427 +0.000000000000000 +0.650003851409427 +0.000000000000000 +2.623975145782677 +0.000000000000000
  2   2 +0.550000000000000 +0.350000000000000 +0.060000000000000 +1.983499504155004 +93.914325333747328 +2.623967284431675 -0.000006178930728 +0.650003962528705 +0.000000087338464 +2.623975145782677 +0.000000000000000 +0.650003851409427 +0.000000000000000 +0.650003851409427 +0.000000000000000 +2.623975145782677 +0.000000000000000
