# i   j  Gamma              Lambda             paramK             distTrajToEq       integrationTime      startPtfi1         startPtV1          startPtfi2         startPtV2          sadfocPtfi1        sadfocPtV1         sadfocPtfi2        sadfocPtV2         saddlePtfi1        saddlePtV1         saddlePtfi2        saddlePtV2
# 0   1  2                  3                  4                  5                  6                    7                  8                  9                  10                 11                 12                 13                 14                 15                 16                 17                 18
  0   0 +0.550000000000000 +0.150000000000000 +0.060000000000000 +2.791622378091434 +1000.000000000000000 +2.623982678662995 +0.000006575388857 +0.650003744933044 -0.000000092942354 +2.623975145782677 +0.000000000000000 +0.650003851409427 +0.000000000000000 +0.650003851409427 +0.000000000000000 +2.623975145782677 +0.000000000000000
  0   0 +0.550000000000000 +0.150000000000000 +0.060000000000000 +1.893649585114775 +199.916830863121447 +2.623967612902359 -0.000006575388857 +0.650003957885811 +0.000000092942354 +2.623975145782677 +0.000000000000000 +0.650003851409427 +0.000000000000000 +0.650003851409427 +0.000000000000000 +2.623975145782677 +0.000000000000000
  0   1 +0.550000000000000 +0.200000000000000 +0.060000000000000 +2.791622439053880 +1000.000000000000000 +2.623982763675438 +0.000006476707063 +0.650003743731403 -0.000000091547498 +2.623975145782677 +0.000000000000000 +0.650003851409427 +0.000000000000000 +0.650003851409427 +0.000000000000000 +2.623975145782677 +0.000000000000000
  0   1 +0.550000000000000 +0.200000000000000 +0.060000000000000 +1.934062283814072 +153.291333422354285 +2.623967527889915 -0.000006476707063 +0.650003959087452 +0.000000091547498 +2.623975145782677 +0.000000000000000 +0.650003851409427 +0.000000000000000 +0.650003851409427 +0.000000000000000 +2.623975145782677 +0.000000000000000
  0   2 +0.550000000000000 +0.250000000000000 +0.060000000000000 +2.791622498673890 +1000.000000000000000 +2.623982846815850 +0.000006377625935 +0.650003742556223 -0.000000090146998 +2.623975145782677 +0.000000000000000 +0.650003851409427 +0.000000000000000 +0.650003851409427 +0.000000000000000 +2.623975145782677 +0.000000000000000
  0   2 +0.550000000000000 +0.250000000000000 +0.060000000000000 +1.965809131704591 +125.745647048510904 +2.623967444749503 -0.000006377625935 +0.650003960262632 +0.000000090146998 +2.623975145782677 +0.000000000000000 +0.650003851409427 +0.000000000000000 +0.650003851409427 +0.000000000000000 +2.623975145782677 +0.000000000000000
  1   0 +0.600000000000000 +0.150000000000000 +0.060000000000000 +2.617239291411334 +1000.000000000000000 +2.568386999790246 +0.000006492573597 +0.717715506821116 -0.000000067521903 +2.568379394813353 +0.000000000000000 +0.717715585911866 +0.000000000000000 +0.717715585911866 +0.000000000000000 +2.568379394813353 +0.000000000000000
  1   0 +0.600000000000000 +0.150000000000000 +0.060000000000000 +1.779491942763331 +196.007714480556160 +2.568371789836461 -0.000006492573597 +0.717715665002616 +0.000000067521903 +2.568379394813353 +0.000000000000000 +0.717715585911866 +0.000000000000000 +0.717715585911866 +0.000000000000000 +2.568379394813353 +0.000000000000000
  1   1 +0.600000000000000 +0.200000000000000 +0.060000000000000 +2.617239352382277 +1000.000000000000000 +2.568387085128850 +0.000006391262239 +0.717715505933606 -0.000000066468279 +2.568379394813353 +0.000000000000000 +0.717715585911866 +0.000000000000000 +0.717715585911866 +0.000000000000000 +2.568379394813353 +0.000000000000000
  1   1 +0.600000000000000 +0.200000000000000 +0.060000000000000 +1.821305594747270 +153.601146182112160 +2.568371704497857 -0.000006391262239 +0.717715665890126 +0.000000066468279 +2.568379394813353 +0.000000000000000 +0.717715585911866 +0.000000000000000 +0.717715585911866 +0.000000000000000 +2.568379394813353 +0.000000000000000
  1   2 +0.600000000000000 +0.250000000000000 +0.060000000000000 +2.617239411926967 +1000.000000000000000 +2.568387168471186 +0.000006289628712 +0.717715505066857 -0.000000065411303 +2.568379394813353 +0.000000000000000 +0.717715585911866 +0.000000000000000 +0.717715585911866 +0.000000000000000 +2.568379394813353 +0.000000000000000
  1   2 +0.600000000000000 +0.250000000000000 +0.060000000000000 +1.848267006296693 +125.972211163561042 +2.568371621155520 -0.000006289628712 +0.717715666756875 +0.000000065411303 +2.568379394813353 +0.000000000000000 +0.717715585911866 +0.000000000000000 +0.717715585911866 +0.000000000000000 +2.568379394813353 +0.000000000000000
  2   0 +0.650000000000000 +0.150000000000000 +0.060000000000000 +2.434090074607687 +1000.000000000000000 +2.509702766777465 +0.000006392986611 +0.788537301479801 -0.000000038005498 +2.509695077421954 +0.000000000000000 +0.788537347192048 +0.000000000000000 +0.788537347192048 +0.000000000000000 +2.509695077421954 +0.000000000000000
  2   0 +0.650000000000000 +0.150000000000000 +0.060000000000000 +1.660138213836953 +199.427217791619768 +2.509687388066444 -0.000006392986611 +0.788537392904295 +0.000000038005498 +2.509695077421954 +0.000000000000000 +0.788537347192048 +0.000000000000000 +0.788537347192048 +0.000000000000000 +2.509695077421954 +0.000000000000000
  2   1 +0.650000000000000 +0.200000000000000 +0.060000000000000 +2.434090135524678 +1000.000000000000000 +2.509702852418170 +0.000006288553078 +0.788537300970678 -0.000000037384653 +2.509695077421954 +0.000000000000000 +0.788537347192048 +0.000000000000000 +0.788537347192048 +0.000000000000000 +2.509695077421954 +0.000000000000000
  2   1 +0.650000000000000 +0.200000000000000 +0.060000000000000 +1.703166167997765 +150.761475978558082 +2.509687302425739 -0.000006288553078 +0.788537393413418 +0.000000037384653 +2.509695077421954 +0.000000000000000 +0.788537347192048 +0.000000000000000 +0.788537347192048 +0.000000000000000 +2.509695077421954 +0.000000000000000
  2   2 +0.650000000000000 +0.250000000000000 +0.060000000000000 +2.434090194913922 +1000.000000000000000 +2.509702935911082 +0.000006183899628 +0.788537300474323 -0.000000036762502 +2.509695077421954 +0.000000000000000 +0.788537347192048 +0.000000000000000 +0.788537347192048 +0.000000000000000 +2.509695077421954 +0.000000000000000
  2   2 +0.650000000000000 +0.250000000000000 +0.060000000000000 +1.724637482673171 +124.223382736091651 +2.509687218932827 -0.000006183899628 +0.788537393909773 +0.000000036762502 +2.509695077421954 +0.000000000000000 +0.788537347192048 +0.000000000000000 +0.788537347192048 +0.000000000000000 +2.509695077421954 +0.000000000000000
