# i   j  Gamma              Lambda             paramK             distTrajToEq       integrationTime      startPtfi1         startPtV1          startPtfi2         startPtV2          sadfocPtfi1        sadfocPtV1         sadfocPtfi2        sadfocPtV2         saddlePtfi1        saddlePtV1         saddlePtfi2        saddlePtV2
# 0   1  2                  3                  4                  5                  6                    7                  8                  9                  10                 11                 12                 13                 14                 15                 16                 17                 18
  1   0 +0.750000000000000 +0.150000000000000 +0.060000000000000 +1.400019369093889 +195.432683056661233 +2.379344891659445 -0.000006120976225 +0.943226263706384 -0.000000037625741 +2.379352799242616 +0.000000000000000 +0.943226312314427 +0.000000000000000 +0.943226312314427 +0.000000000000000 +2.379352799242616 +0.000000000000000
  1   1 +0.750000000000000 +0.200000000000000 +0.060000000000000 +1.438840342328346 +149.763418175919242 +2.379344805677495 -0.000006008255837 +0.943226263177851 -0.000000036932847 +2.379352799242616 +0.000000000000000 +0.943226312314427 +0.000000000000000 +0.943226312314427 +0.000000000000000 +2.379352799242616 +0.000000000000000
  1   2 +0.750000000000000 +0.250000000000000 +0.060000000000000 +1.454143373926881 +121.315008207514609 +2.379344722266260 -0.000005895648776 +0.943226262665121 -0.000000036240650 +2.379352799242616 +0.000000000000000 +0.943226312314427 +0.000000000000000 +0.943226312314427 +0.000000000000000 +2.379352799242616 +0.000000000000000
  1   3 +0.750000000000000 +0.300000000000000 +0.060000000000000 +1.468154624795147 +104.946109859378225 +2.379344641502478 -0.000005783381139 +0.943226262168665 -0.000000035550539 +2.379352799242616 +0.000000000000000 +0.943226312314427 +0.000000000000000 +0.943226312314427 +0.000000000000000 +2.379352799242616 +0.000000000000000
  1   4 +0.750000000000000 +0.350000000000000 +0.060000000000000 +1.480472682076305 +91.351930483816389 +2.379344563444385 -0.000005671670745 +0.943226261688840 -0.000000034863853 +2.379352799242616 +0.000000000000000 +0.943226312314427 +0.000000000000000 +0.943226312314427 +0.000000000000000 +2.379352799242616 +0.000000000000000
  2   0 +0.800000000000000 +0.150000000000000 +0.060000000000000 +1.254640029889903 +189.773231554576341 +2.304617303916665 -0.000005928104736 +1.030166236620392 -0.000000087677295 +2.304625355978780 +0.000000000000000 +1.030166355711241 +0.000000000000000 +1.030166355711241 +0.000000000000000 +2.304625355978780 +0.000000000000000
  2   1 +0.800000000000000 +0.200000000000000 +0.060000000000000 +1.284432894751970 +149.401887001412604 +2.304617218103512 -0.000005809743211 +1.030166235351206 -0.000000085926716 +2.304625355978780 +0.000000000000000 +1.030166355711241 +0.000000000000000 +1.030166355711241 +0.000000000000000 +2.304625355978780 +0.000000000000000
  2   2 +0.800000000000000 +0.250000000000000 +0.060000000000000 +1.302107782554033 +125.709191406932732 +2.304617135165831 -0.000005691780435 +1.030166234124549 -0.000000084182034 +2.304625355978780 +0.000000000000000 +1.030166355711241 +0.000000000000000 +1.030166355711241 +0.000000000000000 +2.304625355978780 +0.000000000000000
  2   3 +0.800000000000000 +0.300000000000000 +0.060000000000000 +1.317441869420557 +110.280928768931261 +2.304617055169046 -0.000005574467492 +1.030166232941388 -0.000000082446963 +2.304625355978780 +0.000000000000000 +1.030166355711241 +0.000000000000000 +1.030166355711241 +0.000000000000000 +2.304625355978780 +0.000000000000000
  2   4 +0.800000000000000 +0.350000000000000 +0.060000000000000 +1.330388624526717 +94.912380698985316 +2.304616978157190 -0.000005458043190 +1.030166231802375 -0.000000080725035 +2.304625355978780 +0.000000000000000 +1.030166355711241 +0.000000000000000 +1.030166355711241 +0.000000000000000 +2.304625355978780 +0.000000000000000
  3   0 +0.850000000000000 +0.150000000000000 +0.060000000000000 +1.089089390440689 +192.096471058628651 +2.219709762433623 -0.000005669358609 +1.127316635329125 -0.000000151423924 +2.219717995724932 +0.000000000000000 +1.127316855233592 +0.000000000000000 +1.127316855233592 +0.000000000000000 +2.219717995724932 +0.000000000000000
  3   1 +0.850000000000000 +0.200000000000000 +0.060000000000000 +1.112708418364859 +148.898394687281353 +2.219709677352606 -0.000005543770798 +1.127316633056681 -0.000000148069577 +2.219717995724932 +0.000000000000000 +1.127316855233592 +0.000000000000000 +1.127316855233592 +0.000000000000000 +2.219717995724932 +0.000000000000000
  3   2 +0.850000000000000 +0.250000000000000 +0.060000000000000 +1.132670302037270 +123.639858544165577 +2.219709595556931 -0.000005419030390 +1.127316630871986 -0.000000144737863 +2.219717995724932 +0.000000000000000 +1.127316855233592 +0.000000000000000 +1.127316855233592 +0.000000000000000 +2.219717995724932 +0.000000000000000
  3   3 +0.850000000000000 +0.300000000000000 +0.060000000000000 +1.149128414564424 +106.559381015659497 +2.219709517090851 -0.000005295420375 +1.127316628776221 -0.000000141436340 +2.219717995724932 +0.000000000000000 +1.127316855233592 +0.000000000000000 +1.127316855233592 +0.000000000000000 +2.219717995724932 +0.000000000000000
  3   4 +0.850000000000000 +0.350000000000000 +0.060000000000000 +1.162490728515931 +92.594371692928576 +2.219709441973397 -0.000005173204761 +1.127316626769895 -0.000000138172062 +2.219717995724932 +0.000000000000000 +1.127316855233592 +0.000000000000000 +1.127316855233592 +0.000000000000000 +2.219717995724932 +0.000000000000000
  4   0 +0.900000000000000 +0.150000000000000 +0.060000000000000 +0.886024490380363 +188.151991430205129 +2.118217783902111 -0.000005292363439 +1.241081842001907 -0.000000239974861 +2.118226256546727 +0.000000000000000 +1.241082226182196 +0.000000000000000 +1.241082226182196 +0.000000000000000 +2.118226256546727 +0.000000000000000
  4   0 +0.900000000000000 +0.150000000000000 +0.060000000000000 +1.240474703331216 +500.000000000000000 +2.118234729191344 +0.000005292363439 +1.241082610362485 +0.000000239974861 +2.118226256546727 +0.000000000000000 +1.241082226182196 +0.000000000000000 +1.241082226182196 +0.000000000000000 +2.118226256546727 +0.000000000000000
  4   1 +0.900000000000000 +0.200000000000000 +0.060000000000000 +0.913819655339114 +150.585540390789305 +2.118217700857967 -0.000005157034750 +1.241081838236386 -0.000000233838570 +2.118226256546727 +0.000000000000000 +1.241082226182196 +0.000000000000000 +1.241082226182196 +0.000000000000000 +2.118226256546727 +0.000000000000000
  4   1 +0.900000000000000 +0.200000000000000 +0.060000000000000 +1.240474759389408 +500.000000000000000 +2.118234812235487 +0.000005157034750 +1.241082614128006 +0.000000233838570 +2.118226256546727 +0.000000000000000 +1.241082226182196 +0.000000000000000 +1.241082226182196 +0.000000000000000 +2.118226256546727 +0.000000000000000
  4   2 +0.900000000000000 +0.250000000000000 +0.060000000000000 +0.935759217960188 +123.161233738870635 +2.118217621685659 -0.000005023344692 +1.241081834646427 -0.000000227776580 +2.118226256546727 +0.000000000000000 +1.241082226182196 +0.000000000000000 +1.241082226182196 +0.000000000000000 +2.118226256546727 +0.000000000000000
  4   2 +0.900000000000000 +0.250000000000000 +0.060000000000000 +1.240474812833950 +500.000000000000000 +2.118234891407796 +0.000005023344692 +1.241082617717964 +0.000000227776580 +2.118226256546727 +0.000000000000000 +1.241082226182196 +0.000000000000000 +1.241082226182196 +0.000000000000000 +2.118226256546727 +0.000000000000000
  4   3 +0.900000000000000 +0.300000000000000 +0.060000000000000 +0.952905191745344 +105.616608103814855 +2.118217546385577 -0.000004891616329 +1.241081831232050 -0.000000221803541 +2.118226256546727 +0.000000000000000 +1.241082226182196 +0.000000000000000 +1.241082226182196 +0.000000000000000 +2.118226256546727 +0.000000000000000
  4   3 +0.900000000000000 +0.300000000000000 +0.060000000000000 +1.240474863664579 +500.000000000000000 +2.118234966707877 +0.000004891616329 +1.241082621132342 +0.000000221803541 +2.118226256546727 +0.000000000000000 +1.241082226182196 +0.000000000000000 +1.241082226182196 +0.000000000000000 +2.118226256546727 +0.000000000000000
  4   4 +0.900000000000000 +0.350000000000000 +0.060000000000000 +0.966221422781111 +96.729670515260580 +2.118217474927812 -0.000004762140988 +1.241081827991897 -0.000000215932661 +2.118226256546727 +0.000000000000000 +1.241082226182196 +0.000000000000000 +1.241082226182196 +0.000000000000000 +2.118226256546727 +0.000000000000000
  4   4 +0.900000000000000 +0.350000000000000 +0.060000000000000 +1.240474911901486 +500.000000000000000 +2.118235038165643 +0.000004762140988 +1.241082624372495 +0.000000215932661 +2.118226256546727 +0.000000000000000 +1.241082226182196 +0.000000000000000 +1.241082226182196 +0.000000000000000 +2.118226256546727 +0.000000000000000
