# i   j  Gamma              Lambda             paramK             distTrajToEq       integrationTime      startPtfi1         startPtV1          startPtfi2         startPtV2          sadfocPtfi1        sadfocPtV1         sadfocPtfi2        sadfocPtV2         saddlePtfi1        saddlePtV1         saddlePtfi2        saddlePtV2
# 0   1  2                  3                  4                  5                  6                    7                  8                  9                  10                 11                 12                 13                 14                 15                 16                 17                 18
  0   0 +0.399999999990000 +0.311555386140000 +0.060000000000000 +0.003924055353686 +1000.000000000000000 +0.460095572563620 -0.000000143539485 +2.777652606758529 +0.000006450175007 +0.460095742546224 +0.000000000000000 +2.777644968319899 +0.000000000000000 +0.460095742546224 +0.000000000000000 +2.777644968319899 +0.000000000000000
  1   0 +0.399999999991000 +0.311555386140000 +0.060000000000000 +0.003764044176116 +1000.000000000000000 +0.460095572564837 -0.000000143539485 +2.777652606757552 +0.000006450175007 +0.460095742547442 +0.000000000000000 +2.777644968318921 +0.000000000000000 +0.460095742547442 +0.000000000000000 +2.777644968318921 +0.000000000000000
  1   1 +0.399999999991000 +0.311555386141000 +0.060000000000000 +0.003960749784590 +1000.000000000000000 +0.460095572564837 -0.000000143539485 +2.777652606757552 +0.000006450175007 +0.460095742547442 +0.000000000000000 +2.777644968318921 +0.000000000000000 +0.460095742547442 +0.000000000000000 +2.777644968318921 +0.000000000000000
  2   0 +0.399999999992000 +0.311555386140000 +0.060000000000000 +0.003626796685367 +1000.000000000000000 +0.460095572566052 -0.000000143539485 +2.777652606756578 +0.000006450175007 +0.460095742548656 +0.000000000000000 +2.777644968317948 +0.000000000000000 +0.460095742548656 +0.000000000000000 +2.777644968317948 +0.000000000000000
  2   1 +0.399999999992000 +0.311555386141000 +0.060000000000000 +0.003796091934688 +1000.000000000000000 +0.460095572566052 -0.000000143539485 +2.777652606756578 +0.000006450175007 +0.460095742548656 +0.000000000000000 +2.777644968317948 +0.000000000000000 +0.460095742548656 +0.000000000000000 +2.777644968317948 +0.000000000000000
  2   2 +0.399999999992000 +0.311555386142000 +0.060000000000000 +0.003996434299707 +1000.000000000000000 +0.460095572566052 -0.000000143539485 +2.777652606756578 +0.000006450175007 +0.460095742548656 +0.000000000000000 +2.777644968317948 +0.000000000000000 +0.460095742548656 +0.000000000000000 +2.777644968317948 +0.000000000000000
  3   0 +0.399999999993000 +0.311555386140000 +0.060000000000000 +0.002680684254841 +1000.000000000000000 +0.460095572567272 -0.000000143539485 +2.777652606755609 +0.000006450175007 +0.460095742549877 +0.000000000000000 +2.777644968316978 +0.000000000000000 +0.460095742549877 +0.000000000000000 +2.777644968316978 +0.000000000000000
  3   1 +0.399999999993000 +0.311555386141000 +0.060000000000000 +0.003651853713954 +1000.000000000000000 +0.460095572567272 -0.000000143539485 +2.777652606755609 +0.000006450175007 +0.460095742549877 +0.000000000000000 +2.777644968316978 +0.000000000000000 +0.460095742549877 +0.000000000000000 +2.777644968316978 +0.000000000000000
  3   2 +0.399999999993000 +0.311555386142000 +0.060000000000000 +0.003829647714776 +1000.000000000000000 +0.460095572567272 -0.000000143539485 +2.777652606755609 +0.000006450175007 +0.460095742549877 +0.000000000000000 +2.777644968316978 +0.000000000000000 +0.460095742549877 +0.000000000000000 +2.777644968316978 +0.000000000000000
  4   0 +0.399999999994000 +0.311555386140000 +0.060000000000000 +0.003580066894485 +1000.000000000000000 +0.460095572568483 -0.000000143539485 +2.777652606754632 +0.000006450175007 +0.460095742551088 +0.000000000000000 +2.777644968316001 +0.000000000000000 +0.460095742551088 +0.000000000000000 +2.777644968316001 +0.000000000000000
  4   1 +0.399999999994000 +0.311555386141000 +0.060000000000000 +0.003200900127986 +1000.000000000000000 +0.460095572568483 -0.000000143539485 +2.777652606754632 +0.000006450175007 +0.460095742551088 +0.000000000000000 +2.777644968316001 +0.000000000000000 +0.460095742551088 +0.000000000000000 +2.777644968316001 +0.000000000000000
  4   2 +0.399999999994000 +0.311555386142000 +0.060000000000000 +0.003680797367295 +1000.000000000000000 +0.460095572568483 -0.000000143539485 +2.777652606754632 +0.000006450175007 +0.460095742551088 +0.000000000000000 +2.777644968316001 +0.000000000000000 +0.460095742551088 +0.000000000000000 +2.777644968316001 +0.000000000000000
  4   3 +0.399999999994000 +0.311555386143000 +0.060000000000000 +0.003865741484642 +1000.000000000000000 +0.460095572568483 -0.000000143539485 +2.777652606754632 +0.000006450175007 +0.460095742551088 +0.000000000000000 +2.777644968316001 +0.000000000000000 +0.460095742551088 +0.000000000000000 +2.777644968316001 +0.000000000000000
  5   0 +0.399999999995000 +0.311555386140000 +0.060000000000000 +0.003696020350254 +1000.000000000000000 +0.460095572569700 -0.000000143539485 +2.777652606753655 +0.000006450175007 +0.460095742552304 +0.000000000000000 +2.777644968315025 +0.000000000000000 +0.460095742552304 +0.000000000000000 +2.777644968315025 +0.000000000000000
  5   1 +0.399999999995000 +0.311555386141000 +0.060000000000000 +0.003407781486746 +1000.000000000000000 +0.460095572569700 -0.000000143539485 +2.777652606753655 +0.000006450175007 +0.460095742552304 +0.000000000000000 +2.777644968315025 +0.000000000000000 +0.460095742552304 +0.000000000000000 +2.777644968315025 +0.000000000000000
  5   2 +0.399999999995000 +0.311555386142000 +0.060000000000000 +0.003546267867478 +1000.000000000000000 +0.460095572569700 -0.000000143539485 +2.777652606753655 +0.000006450175007 +0.460095742552304 +0.000000000000000 +2.777644968315025 +0.000000000000000 +0.460095742552304 +0.000000000000000 +2.777644968315025 +0.000000000000000
  5   3 +0.399999999995000 +0.311555386143000 +0.060000000000000 +0.003709319076231 +1000.000000000000000 +0.460095572569700 -0.000000143539485 +2.777652606753655 +0.000006450175007 +0.460095742552304 +0.000000000000000 +2.777644968315025 +0.000000000000000 +0.460095742552304 +0.000000000000000 +2.777644968315025 +0.000000000000000
  5   4 +0.399999999995000 +0.311555386144000 +0.060000000000000 +0.003899127429706 +1000.000000000000000 +0.460095572569700 -0.000000143539485 +2.777652606753655 +0.000006450175007 +0.460095742552304 +0.000000000000000 +2.777644968315025 +0.000000000000000 +0.460095742552304 +0.000000000000000 +2.777644968315025 +0.000000000000000
  6   0 +0.399999999996000 +0.311555386140000 +0.060000000000000 +0.003849303635579 +1000.000000000000000 +0.460095572570914 -0.000000143539485 +2.777652606752682 +0.000006450175007 +0.460095742553518 +0.000000000000000 +2.777644968314051 +0.000000000000000 +0.460095742553518 +0.000000000000000 +2.777644968314051 +0.000000000000000
  6   1 +0.399999999996000 +0.311555386141000 +0.060000000000000 +0.003667072744563 +1000.000000000000000 +0.460095572570914 -0.000000143539485 +2.777652606752682 +0.000006450175007 +0.460095742553518 +0.000000000000000 +2.777644968314051 +0.000000000000000 +0.460095742553518 +0.000000000000000 +2.777644968314051 +0.000000000000000
  6   2 +0.399999999996000 +0.311555386142000 +0.060000000000000 +0.002987156649803 +1000.000000000000000 +0.460095572570914 -0.000000143539485 +2.777652606752682 +0.000006450175007 +0.460095742553518 +0.000000000000000 +2.777644968314051 +0.000000000000000 +0.460095742553518 +0.000000000000000 +2.777644968314051 +0.000000000000000
  6   3 +0.399999999996000 +0.311555386143000 +0.060000000000000 +0.003588391276728 +1000.000000000000000 +0.460095572570914 -0.000000143539485 +2.777652606752682 +0.000006450175007 +0.460095742553518 +0.000000000000000 +2.777644968314051 +0.000000000000000 +0.460095742553518 +0.000000000000000 +2.777644968314051 +0.000000000000000
  6   4 +0.399999999996000 +0.311555386144000 +0.060000000000000 +0.003740464788410 +1000.000000000000000 +0.460095572570914 -0.000000143539485 +2.777652606752682 +0.000006450175007 +0.460095742553518 +0.000000000000000 +2.777644968314051 +0.000000000000000 +0.460095742553518 +0.000000000000000 +2.777644968314051 +0.000000000000000
  6   5 +0.399999999996000 +0.311555386145000 +0.060000000000000 +0.003934466493784 +1000.000000000000000 +0.460095572570914 -0.000000143539485 +2.777652606752682 +0.000006450175007 +0.460095742553518 +0.000000000000000 +2.777644968314051 +0.000000000000000 +0.460095742553518 +0.000000000000000 +2.777644968314051 +0.000000000000000
  7   1 +0.399999999997000 +0.311555386141000 +0.060000000000000 +0.003813946749903 +1000.000000000000000 +0.460095572572135 -0.000000143539485 +2.777652606751706 +0.000006450175007 +0.460095742554740 +0.000000000000000 +2.777644968313075 +0.000000000000000 +0.460095742554740 +0.000000000000000 +2.777644968313075 +0.000000000000000
  7   2 +0.399999999997000 +0.311555386142000 +0.060000000000000 +0.003640009722017 +1000.000000000000000 +0.460095572572135 -0.000000143539485 +2.777652606751706 +0.000006450175007 +0.460095742554740 +0.000000000000000 +2.777644968313075 +0.000000000000000 +0.460095742554740 +0.000000000000000 +2.777644968313075 +0.000000000000000
  7   3 +0.399999999997000 +0.311555386143000 +0.060000000000000 +0.002389342817197 +1000.000000000000000 +0.460095572572135 -0.000000143539485 +2.777652606751706 +0.000006450175007 +0.460095742554740 +0.000000000000000 +2.777644968313075 +0.000000000000000 +0.460095742554740 +0.000000000000000 +2.777644968313075 +0.000000000000000
  7   4 +0.399999999997000 +0.311555386144000 +0.060000000000000 +0.003609904820629 +1000.000000000000000 +0.460095572572135 -0.000000143539485 +2.777652606751706 +0.000006450175007 +0.460095742554740 +0.000000000000000 +2.777644968313075 +0.000000000000000 +0.460095742554740 +0.000000000000000 +2.777644968313075 +0.000000000000000
  7   5 +0.399999999997000 +0.311555386145000 +0.060000000000000 +0.003773638670072 +1000.000000000000000 +0.460095572572135 -0.000000143539485 +2.777652606751706 +0.000006450175007 +0.460095742554740 +0.000000000000000 +2.777644968313075 +0.000000000000000 +0.460095742554740 +0.000000000000000 +2.777644968313075 +0.000000000000000
  7   6 +0.399999999997000 +0.311555386146000 +0.060000000000000 +0.003971707399141 +1000.000000000000000 +0.460095572572135 -0.000000143539485 +2.777652606751706 +0.000006450175007 +0.460095742554740 +0.000000000000000 +2.777644968313075 +0.000000000000000 +0.460095742554740 +0.000000000000000 +2.777644968313075 +0.000000000000000
  8   1 +0.399999999998000 +0.311555386141000 +0.060000000000000 +0.003980833818307 +1000.000000000000000 +0.460095572573345 -0.000000143539485 +2.777652606750730 +0.000006450175007 +0.460095742555950 +0.000000000000000 +2.777644968312099 +0.000000000000000 +0.460095742555950 +0.000000000000000 +2.777644968312099 +0.000000000000000
  8   2 +0.399999999998000 +0.311555386142000 +0.060000000000000 +0.003781479321633 +1000.000000000000000 +0.460095572573345 -0.000000143539485 +2.777652606750730 +0.000006450175007 +0.460095742555950 +0.000000000000000 +2.777644968312099 +0.000000000000000 +0.460095742555950 +0.000000000000000 +2.777644968312099 +0.000000000000000
  8   3 +0.399999999998000 +0.311555386143000 +0.060000000000000 +0.003616068736266 +1000.000000000000000 +0.460095572573345 -0.000000143539485 +2.777652606750730 +0.000006450175007 +0.460095742555950 +0.000000000000000 +2.777644968312099 +0.000000000000000 +0.460095742555950 +0.000000000000000 +2.777644968312099 +0.000000000000000
  8   4 +0.399999999998000 +0.311555386144000 +0.060000000000000 +0.002220545677582 +1000.000000000000000 +0.460095572573345 -0.000000143539485 +2.777652606750730 +0.000006450175007 +0.460095742555950 +0.000000000000000 +2.777644968312099 +0.000000000000000 +0.460095742555950 +0.000000000000000 +2.777644968312099 +0.000000000000000
  8   5 +0.399999999998000 +0.311555386145000 +0.060000000000000 +0.003633716939740 +1000.000000000000000 +0.460095572573345 -0.000000143539485 +2.777652606750730 +0.000006450175007 +0.460095742555950 +0.000000000000000 +2.777644968312099 +0.000000000000000 +0.460095742555950 +0.000000000000000 +2.777644968312099 +0.000000000000000
  8   6 +0.399999999998000 +0.311555386146000 +0.060000000000000 +0.003805571720750 +1000.000000000000000 +0.460095572573345 -0.000000143539485 +2.777652606750730 +0.000006450175007 +0.460095742555950 +0.000000000000000 +2.777644968312099 +0.000000000000000 +0.460095742555950 +0.000000000000000 +2.777644968312099 +0.000000000000000
  9   2 +0.399999999999000 +0.311555386142000 +0.060000000000000 +0.003943849359368 +1000.000000000000000 +0.460095572574561 -0.000000143539485 +2.777652606749756 +0.000006450175007 +0.460095742557166 +0.000000000000000 +2.777644968311125 +0.000000000000000 +0.460095742557166 +0.000000000000000 +2.777644968311125 +0.000000000000000
  9   3 +0.399999999999000 +0.311555386143000 +0.060000000000000 +0.003748842307110 +1000.000000000000000 +0.460095572574561 -0.000000143539485 +2.777652606749756 +0.000006450175007 +0.460095742557166 +0.000000000000000 +2.777644968311125 +0.000000000000000 +0.460095742557166 +0.000000000000000 +2.777644968311125 +0.000000000000000
  9   4 +0.399999999999000 +0.311555386144000 +0.060000000000000 +0.003593403699464 +1000.000000000000000 +0.460095572574561 -0.000000143539485 +2.777652606749756 +0.000006450175007 +0.460095742557166 +0.000000000000000 +2.777644968311125 +0.000000000000000 +0.460095742557166 +0.000000000000000 +2.777644968311125 +0.000000000000000
  9   5 +0.399999999999000 +0.311555386145000 +0.060000000000000 +0.002851257793145 +1000.000000000000000 +0.460095572574561 -0.000000143539485 +2.777652606749756 +0.000006450175007 +0.460095742557166 +0.000000000000000 +2.777644968311125 +0.000000000000000 +0.460095742557166 +0.000000000000000 +2.777644968311125 +0.000000000000000
  9   6 +0.399999999999000 +0.311555386146000 +0.060000000000000 +0.003659837579118 +1000.000000000000000 +0.460095572574561 -0.000000143539485 +2.777652606749756 +0.000006450175007 +0.460095742557166 +0.000000000000000 +2.777644968311125 +0.000000000000000 +0.460095742557166 +0.000000000000000 +2.777644968311125 +0.000000000000000
  9   7 +0.399999999999000 +0.311555386147000 +0.060000000000000 +0.003840033133373 +1000.000000000000000 +0.460095572574561 -0.000000143539485 +2.777652606749756 +0.000006450175007 +0.460095742557166 +0.000000000000000 +2.777644968311125 +0.000000000000000 +0.460095742557166 +0.000000000000000 +2.777644968311125 +0.000000000000000
 10   3 +0.400000000000000 +0.311555386143000 +0.060000000000000 +0.003907983034247 +1000.000000000000000 +0.460095572575779 -0.000000143539485 +2.777652606748781 +0.000006450175007 +0.460095742558384 +0.000000000000000 +2.777644968310150 +0.000000000000000 +0.460095742558384 +0.000000000000000 +2.777644968310150 +0.000000000000000
 10   4 +0.400000000000000 +0.311555386144000 +0.060000000000000 +0.003716930603944 +1000.000000000000000 +0.460095572575779 -0.000000143539485 +2.777652606748781 +0.000006450175007 +0.460095742558384 +0.000000000000000 +2.777644968310150 +0.000000000000000 +0.460095742558384 +0.000000000000000 +2.777644968310150 +0.000000000000000
 10   5 +0.400000000000000 +0.311555386145000 +0.060000000000000 +0.003575272701673 +1000.000000000000000 +0.460095572575779 -0.000000143539485 +2.777652606748781 +0.000006450175007 +0.460095742558384 +0.000000000000000 +2.777644968310150 +0.000000000000000 +0.460095742558384 +0.000000000000000 +2.777644968310150 +0.000000000000000
 10   6 +0.400000000000000 +0.311555386146000 +0.060000000000000 +0.003317687068294 +1000.000000000000000 +0.460095572575779 -0.000000143539485 +2.777652606748781 +0.000006450175007 +0.460095742558384 +0.000000000000000 +2.777644968310150 +0.000000000000000 +0.460095742558384 +0.000000000000000 +2.777644968310150 +0.000000000000000
 10   7 +0.400000000000000 +0.311555386147000 +0.060000000000000 +0.003689047560503 +1000.000000000000000 +0.460095572575779 -0.000000143539485 +2.777652606748781 +0.000006450175007 +0.460095742558384 +0.000000000000000 +2.777644968310150 +0.000000000000000 +0.460095742558384 +0.000000000000000 +2.777644968310150 +0.000000000000000
 10   8 +0.400000000000000 +0.311555386148000 +0.060000000000000 +0.003875227414691 +1000.000000000000000 +0.460095572575779 -0.000000143539485 +2.777652606748781 +0.000006450175007 +0.460095742558384 +0.000000000000000 +2.777644968310150 +0.000000000000000 +0.460095742558384 +0.000000000000000 +2.777644968310150 +0.000000000000000
 11   4 +0.400000000001000 +0.311555386144000 +0.060000000000000 +0.003874016070534 +1000.000000000000000 +0.460095572576995 -0.000000143539485 +2.777652606747807 +0.000006450175007 +0.460095742559599 +0.000000000000000 +2.777644968309176 +0.000000000000000 +0.460095742559599 +0.000000000000000 +2.777644968309176 +0.000000000000000
 11   5 +0.400000000001000 +0.311555386145000 +0.060000000000000 +0.003688153223709 +1000.000000000000000 +0.460095572576995 -0.000000143539485 +2.777652606747807 +0.000006450175007 +0.460095742559599 +0.000000000000000 +2.777644968309176 +0.000000000000000 +0.460095742559599 +0.000000000000000 +2.777644968309176 +0.000000000000000
 11   6 +0.400000000001000 +0.311555386146000 +0.060000000000000 +0.003304330520729 +1000.000000000000000 +0.460095572576995 -0.000000143539485 +2.777652606747807 +0.000006450175007 +0.460095742559599 +0.000000000000000 +2.777644968309176 +0.000000000000000 +0.460095742559599 +0.000000000000000 +2.777644968309176 +0.000000000000000
 11   7 +0.400000000001000 +0.311555386147000 +0.060000000000000 +0.003576026636463 +1000.000000000000000 +0.460095572576995 -0.000000143539485 +2.777652606747807 +0.000006450175007 +0.460095742559599 +0.000000000000000 +2.777644968309176 +0.000000000000000 +0.460095742559599 +0.000000000000000 +2.777644968309176 +0.000000000000000
 11   8 +0.400000000001000 +0.311555386148000 +0.060000000000000 +0.003718109325873 +1000.000000000000000 +0.460095572576995 -0.000000143539485 +2.777652606747807 +0.000006450175007 +0.460095742559599 +0.000000000000000 +2.777644968309176 +0.000000000000000 +0.460095742559599 +0.000000000000000 +2.777644968309176 +0.000000000000000
 11   9 +0.400000000001000 +0.311555386149000 +0.060000000000000 +0.003909123299647 +1000.000000000000000 +0.460095572576995 -0.000000143539485 +2.777652606747807 +0.000006450175007 +0.460095742559599 +0.000000000000000 +2.777644968309176 +0.000000000000000 +0.460095742559599 +0.000000000000000 +2.777644968309176 +0.000000000000000
 12   5 +0.400000000002000 +0.311555386145000 +0.060000000000000 +0.003838920560519 +1000.000000000000000 +0.460095572578210 -0.000000143539485 +2.777652606746831 +0.000006450175007 +0.460095742560815 +0.000000000000000 +2.777644968308201 +0.000000000000000 +0.460095742560815 +0.000000000000000 +2.777644968308201 +0.000000000000000
 12   6 +0.400000000002000 +0.311555386146000 +0.060000000000000 +0.003658990257309 +1000.000000000000000 +0.460095572578210 -0.000000143539485 +2.777652606746831 +0.000006450175007 +0.460095742560815 +0.000000000000000 +2.777644968308201 +0.000000000000000 +0.460095742560815 +0.000000000000000 +2.777644968308201 +0.000000000000000
 12   7 +0.400000000002000 +0.311555386147000 +0.060000000000000 +0.002831654991603 +1000.000000000000000 +0.460095572578210 -0.000000143539485 +2.777652606746831 +0.000006450175007 +0.460095742560815 +0.000000000000000 +2.777644968308201 +0.000000000000000 +0.460095742560815 +0.000000000000000 +2.777644968308201 +0.000000000000000
 12   8 +0.400000000002000 +0.311555386148000 +0.060000000000000 +0.003594154107879 +1000.000000000000000 +0.460095572578210 -0.000000143539485 +2.777652606746831 +0.000006450175007 +0.460095742560815 +0.000000000000000 +2.777644968308201 +0.000000000000000 +0.460095742560815 +0.000000000000000 +2.777644968308201 +0.000000000000000
 12   9 +0.400000000002000 +0.311555386149000 +0.060000000000000 +0.003750236432081 +1000.000000000000000 +0.460095572578210 -0.000000143539485 +2.777652606746831 +0.000006450175007 +0.460095742560815 +0.000000000000000 +2.777644968308201 +0.000000000000000 +0.460095742560815 +0.000000000000000 +2.777644968308201 +0.000000000000000
 12  10 +0.400000000002000 +0.311555386150000 +0.060000000000000 +0.003945208293224 +1000.000000000000000 +0.460095572578210 -0.000000143539485 +2.777652606746831 +0.000006450175007 +0.460095742560815 +0.000000000000000 +2.777644968308201 +0.000000000000000 +0.460095742560815 +0.000000000000000 +2.777644968308201 +0.000000000000000
 13   6 +0.400000000003000 +0.311555386146000 +0.060000000000000 +0.003804517310655 +1000.000000000000000 +0.460095572579423 -0.000000143539485 +2.777652606745856 +0.000006450175007 +0.460095742562028 +0.000000000000000 +2.777644968307226 +0.000000000000000 +0.460095742562028 +0.000000000000000 +2.777644968307226 +0.000000000000000
 13   7 +0.400000000003000 +0.311555386147000 +0.060000000000000 +0.003632806543650 +1000.000000000000000 +0.460095572579423 -0.000000143539485 +2.777652606745856 +0.000006450175007 +0.460095742562028 +0.000000000000000 +2.777644968307226 +0.000000000000000 +0.460095742562028 +0.000000000000000 +2.777644968307226 +0.000000000000000
 13   8 +0.400000000003000 +0.311555386148000 +0.060000000000000 +0.002198769090287 +1000.000000000000000 +0.460095572579423 -0.000000143539485 +2.777652606745856 +0.000006450175007 +0.460095742562028 +0.000000000000000 +2.777644968307226 +0.000000000000000 +0.460095742562028 +0.000000000000000 +2.777644968307226 +0.000000000000000
 13   9 +0.400000000003000 +0.311555386149000 +0.060000000000000 +0.003616928256507 +1000.000000000000000 +0.460095572579423 -0.000000143539485 +2.777652606745856 +0.000006450175007 +0.460095742562028 +0.000000000000000 +2.777644968307226 +0.000000000000000 +0.460095742562028 +0.000000000000000 +2.777644968307226 +0.000000000000000
 13  10 +0.400000000003000 +0.311555386150000 +0.060000000000000 +0.003782664006082 +1000.000000000000000 +0.460095572579423 -0.000000143539485 +2.777652606745856 +0.000006450175007 +0.460095742562028 +0.000000000000000 +2.777644968307226 +0.000000000000000 +0.460095742562028 +0.000000000000000 +2.777644968307226 +0.000000000000000
 13  11 +0.400000000003000 +0.311555386151000 +0.060000000000000 +0.003982204210703 +1000.000000000000000 +0.460095572579423 -0.000000143539485 +2.777652606745856 +0.000006450175007 +0.460095742562028 +0.000000000000000 +2.777644968307226 +0.000000000000000 +0.460095742562028 +0.000000000000000 +2.777644968307226 +0.000000000000000
 14   6 +0.400000000004000 +0.311555386146000 +0.060000000000000 +0.003970656567625 +1000.000000000000000 +0.460095572580642 -0.000000143539485 +2.777652606744885 +0.000006450175007 +0.460095742563246 +0.000000000000000 +2.777644968306255 +0.000000000000000 +0.460095742563246 +0.000000000000000 +2.777644968306255 +0.000000000000000
 14   7 +0.400000000004000 +0.311555386147000 +0.060000000000000 +0.003772383239657 +1000.000000000000000 +0.460095572580642 -0.000000143539485 +2.777652606744885 +0.000006450175007 +0.460095742563246 +0.000000000000000 +2.777644968306255 +0.000000000000000 +0.460095742563246 +0.000000000000000 +2.777644968306255 +0.000000000000000
 14   8 +0.400000000004000 +0.311555386148000 +0.060000000000000 +0.003609031701323 +1000.000000000000000 +0.460095572580642 -0.000000143539485 +2.777652606744885 +0.000006450175007 +0.460095742563246 +0.000000000000000 +2.777644968306255 +0.000000000000000 +0.460095742563246 +0.000000000000000 +2.777644968306255 +0.000000000000000
 14   9 +0.400000000004000 +0.311555386149000 +0.060000000000000 +0.002412029629189 +1000.000000000000000 +0.460095572580642 -0.000000143539485 +2.777652606744885 +0.000006450175007 +0.460095742563246 +0.000000000000000 +2.777644968306255 +0.000000000000000 +0.460095742563246 +0.000000000000000 +2.777644968306255 +0.000000000000000
 14  10 +0.400000000004000 +0.311555386150000 +0.060000000000000 +0.003640938800242 +1000.000000000000000 +0.460095572580642 -0.000000143539485 +2.777652606744885 +0.000006450175007 +0.460095742563246 +0.000000000000000 +2.777644968306255 +0.000000000000000 +0.460095742563246 +0.000000000000000 +2.777644968306255 +0.000000000000000
 14  11 +0.400000000004000 +0.311555386151000 +0.060000000000000 +0.003815149441001 +1000.000000000000000 +0.460095572580642 -0.000000143539485 +2.777652606744885 +0.000006450175007 +0.460095742563246 +0.000000000000000 +2.777644968306255 +0.000000000000000 +0.460095742563246 +0.000000000000000 +2.777644968306255 +0.000000000000000
 15   7 +0.400000000005000 +0.311555386147000 +0.060000000000000 +0.003933248124075 +1000.000000000000000 +0.460095572581854 -0.000000143539485 +2.777652606743911 +0.000006450175007 +0.460095742564458 +0.000000000000000 +2.777644968305281 +0.000000000000000 +0.460095742564458 +0.000000000000000 +2.777644968305281 +0.000000000000000
 15   8 +0.400000000005000 +0.311555386148000 +0.060000000000000 +0.003739366084192 +1000.000000000000000 +0.460095572581854 -0.000000143539485 +2.777652606743911 +0.000006450175007 +0.460095742564458 +0.000000000000000 +2.777644968305281 +0.000000000000000 +0.460095742564458 +0.000000000000000 +2.777644968305281 +0.000000000000000
 15   9 +0.400000000005000 +0.311555386149000 +0.060000000000000 +0.003587706899253 +1000.000000000000000 +0.460095572581854 -0.000000143539485 +2.777652606743911 +0.000006450175007 +0.460095742564458 +0.000000000000000 +2.777644968305281 +0.000000000000000 +0.460095742564458 +0.000000000000000 +2.777644968305281 +0.000000000000000
 15  10 +0.400000000005000 +0.311555386150000 +0.060000000000000 +0.003007102238434 +1000.000000000000000 +0.460095572581854 -0.000000143539485 +2.777652606743911 +0.000006450175007 +0.460095742564458 +0.000000000000000 +2.777644968305281 +0.000000000000000 +0.460095742564458 +0.000000000000000 +2.777644968305281 +0.000000000000000
 15  11 +0.400000000005000 +0.311555386151000 +0.060000000000000 +0.003668285254569 +1000.000000000000000 +0.460095572581854 -0.000000143539485 +2.777652606743911 +0.000006450175007 +0.460095742564458 +0.000000000000000 +2.777644968305281 +0.000000000000000 +0.460095742564458 +0.000000000000000 +2.777644968305281 +0.000000000000000
 15  12 +0.400000000005000 +0.311555386152000 +0.060000000000000 +0.003850415487428 +1000.000000000000000 +0.460095572581854 -0.000000143539485 +2.777652606743911 +0.000006450175007 +0.460095742564458 +0.000000000000000 +2.777644968305281 +0.000000000000000 +0.460095742564458 +0.000000000000000 +2.777644968305281 +0.000000000000000
 16   8 +0.400000000006000 +0.311555386148000 +0.060000000000000 +0.003897901046434 +1000.000000000000000 +0.460095572583073 -0.000000143539485 +2.777652606742933 +0.000006450175007 +0.460095742565677 +0.000000000000000 +2.777644968304303 +0.000000000000000 +0.460095742565677 +0.000000000000000 +2.777644968304303 +0.000000000000000
 16   9 +0.400000000006000 +0.311555386149000 +0.060000000000000 +0.003708300741635 +1000.000000000000000 +0.460095572583073 -0.000000143539485 +2.777652606742933 +0.000006450175007 +0.460095742565677 +0.000000000000000 +2.777644968304303 +0.000000000000000 +0.460095742565677 +0.000000000000000 +2.777644968304303 +0.000000000000000
 16  10 +0.400000000006000 +0.311555386150000 +0.060000000000000 +0.003536917752770 +1000.000000000000000 +0.460095572583073 -0.000000143539485 +2.777652606742933 +0.000006450175007 +0.460095742565677 +0.000000000000000 +2.777644968304303 +0.000000000000000 +0.460095742565677 +0.000000000000000 +2.777644968304303 +0.000000000000000
 16  11 +0.400000000006000 +0.311555386151000 +0.060000000000000 +0.003419869290651 +1000.000000000000000 +0.460095572583073 -0.000000143539485 +2.777652606742933 +0.000006450175007 +0.460095742565677 +0.000000000000000 +2.777644968304303 +0.000000000000000 +0.460095742565677 +0.000000000000000 +2.777644968304303 +0.000000000000000
 16  12 +0.400000000006000 +0.311555386152000 +0.060000000000000 +0.003697329664738 +1000.000000000000000 +0.460095572583073 -0.000000143539485 +2.777652606742933 +0.000006450175007 +0.460095742565677 +0.000000000000000 +2.777644968304303 +0.000000000000000 +0.460095742565677 +0.000000000000000 +2.777644968304303 +0.000000000000000
 16  13 +0.400000000006000 +0.311555386153000 +0.060000000000000 +0.003884722545636 +1000.000000000000000 +0.460095572583073 -0.000000143539485 +2.777652606742933 +0.000006450175007 +0.460095742565677 +0.000000000000000 +2.777644968304303 +0.000000000000000 +0.460095742565677 +0.000000000000000 +2.777644968304303 +0.000000000000000
 17   9 +0.400000000007000 +0.311555386149000 +0.060000000000000 +0.003864650020555 +1000.000000000000000 +0.460095572584289 -0.000000143539485 +2.777652606741959 +0.000006450175007 +0.460095742566894 +0.000000000000000 +2.777644968303329 +0.000000000000000 +0.460095742566894 +0.000000000000000 +2.777644968303329 +0.000000000000000
 17  10 +0.400000000007000 +0.311555386150000 +0.060000000000000 +0.003679696981157 +1000.000000000000000 +0.460095572584289 -0.000000143539485 +2.777652606741959 +0.000006450175007 +0.460095742566894 +0.000000000000000 +2.777644968303329 +0.000000000000000 +0.460095742566894 +0.000000000000000 +2.777644968303329 +0.000000000000000
 17  11 +0.400000000007000 +0.311555386151000 +0.060000000000000 +0.003184204023040 +1000.000000000000000 +0.460095572584289 -0.000000143539485 +2.777652606741959 +0.000006450175007 +0.460095742566894 +0.000000000000000 +2.777644968303329 +0.000000000000000 +0.460095742566894 +0.000000000000000 +2.777644968303329 +0.000000000000000
 17  12 +0.400000000007000 +0.311555386152000 +0.060000000000000 +0.003580587005151 +1000.000000000000000 +0.460095572584289 -0.000000143539485 +2.777652606741959 +0.000006450175007 +0.460095742566894 +0.000000000000000 +2.777644968303329 +0.000000000000000 +0.460095742566894 +0.000000000000000 +2.777644968303329 +0.000000000000000
 17  13 +0.400000000007000 +0.311555386153000 +0.060000000000000 +0.003726903405499 +1000.000000000000000 +0.460095572584289 -0.000000143539485 +2.777652606741959 +0.000006450175007 +0.460095742566894 +0.000000000000000 +2.777644968303329 +0.000000000000000 +0.460095742566894 +0.000000000000000 +2.777644968303329 +0.000000000000000
 17  14 +0.400000000007000 +0.311555386154000 +0.060000000000000 +0.003919229874639 +1000.000000000000000 +0.460095572584289 -0.000000143539485 +2.777652606741959 +0.000006450175007 +0.460095742566894 +0.000000000000000 +2.777644968303329 +0.000000000000000 +0.460095742566894 +0.000000000000000 +2.777644968303329 +0.000000000000000
 18  10 +0.400000000008000 +0.311555386150000 +0.060000000000000 +0.003828547920804 +1000.000000000000000 +0.460095572585504 -0.000000143539485 +2.777652606740983 +0.000006450175007 +0.460095742568109 +0.000000000000000 +2.777644968302353 +0.000000000000000 +0.460095742568109 +0.000000000000000 +2.777644968302353 +0.000000000000000
 18  11 +0.400000000008000 +0.311555386151000 +0.060000000000000 +0.003650874280980 +1000.000000000000000 +0.460095572585504 -0.000000143539485 +2.777652606740983 +0.000006450175007 +0.460095742568109 +0.000000000000000 +2.777644968302353 +0.000000000000000 +0.460095742568109 +0.000000000000000 +2.777644968302353 +0.000000000000000
 18  12 +0.400000000008000 +0.311555386152000 +0.060000000000000 +0.002659168649539 +1000.000000000000000 +0.460095572585504 -0.000000143539485 +2.777652606740983 +0.000006450175007 +0.460095742568109 +0.000000000000000 +2.777644968302353 +0.000000000000000 +0.460095742568109 +0.000000000000000 +2.777644968302353 +0.000000000000000
 18  13 +0.400000000008000 +0.311555386153000 +0.060000000000000 +0.003600332011334 +1000.000000000000000 +0.460095572585504 -0.000000143539485 +2.777652606740983 +0.000006450175007 +0.460095742568109 +0.000000000000000 +2.777644968302353 +0.000000000000000 +0.460095742568109 +0.000000000000000 +2.777644968302353 +0.000000000000000
 18  14 +0.400000000008000 +0.311555386154000 +0.060000000000000 +0.003759879595478 +1000.000000000000000 +0.460095572585504 -0.000000143539485 +2.777652606740983 +0.000006450175007 +0.460095742568109 +0.000000000000000 +2.777644968302353 +0.000000000000000 +0.460095742568109 +0.000000000000000 +2.777644968302353 +0.000000000000000
 18  15 +0.400000000008000 +0.311555386155000 +0.060000000000000 +0.003955786029389 +1000.000000000000000 +0.460095572585504 -0.000000143539485 +2.777652606740983 +0.000006450175007 +0.460095742568109 +0.000000000000000 +2.777644968302353 +0.000000000000000 +0.460095742568109 +0.000000000000000 +2.777644968302353 +0.000000000000000
 19  10 +0.400000000009000 +0.311555386150000 +0.060000000000000 +0.003995246034780 +1000.000000000000000 +0.460095572586718 -0.000000143539485 +2.777652606740012 +0.000006450175007 +0.460095742569322 +0.000000000000000 +2.777644968301382 +0.000000000000000 +0.460095742569322 +0.000000000000000 +2.777644968301382 +0.000000000000000
 19  11 +0.400000000009000 +0.311555386151000 +0.060000000000000 +0.003794779210623 +1000.000000000000000 +0.460095572586718 -0.000000143539485 +2.777652606740012 +0.000006450175007 +0.460095742569322 +0.000000000000000 +2.777644968301382 +0.000000000000000 +0.460095742569322 +0.000000000000000 +2.777644968301382 +0.000000000000000
 19  12 +0.400000000009000 +0.311555386152000 +0.060000000000000 +0.003625943973826 +1000.000000000000000 +0.460095572586718 -0.000000143539485 +2.777652606740012 +0.000006450175007 +0.460095742569322 +0.000000000000000 +2.777644968301382 +0.000000000000000 +0.460095742569322 +0.000000000000000 +2.777644968301382 +0.000000000000000
 19  13 +0.400000000009000 +0.311555386153000 +0.060000000000000 +0.001703969500313 +1000.000000000000000 +0.460095572586718 -0.000000143539485 +2.777652606740012 +0.000006450175007 +0.460095742569322 +0.000000000000000 +2.777644968301382 +0.000000000000000 +0.460095742569322 +0.000000000000000 +2.777644968301382 +0.000000000000000
 19  14 +0.400000000009000 +0.311555386154000 +0.060000000000000 +0.003623995277011 +1000.000000000000000 +0.460095572586718 -0.000000143539485 +2.777652606740012 +0.000006450175007 +0.460095742569322 +0.000000000000000 +2.777644968301382 +0.000000000000000 +0.460095742569322 +0.000000000000000 +2.777644968301382 +0.000000000000000
 19  15 +0.400000000009000 +0.311555386155000 +0.060000000000000 +0.003791741502858 +1000.000000000000000 +0.460095572586718 -0.000000143539485 +2.777652606740012 +0.000006450175007 +0.460095742569322 +0.000000000000000 +2.777644968301382 +0.000000000000000 +0.460095742569322 +0.000000000000000 +2.777644968301382 +0.000000000000000
 19  16 +0.400000000009000 +0.311555386156000 +0.060000000000000 +0.003992040187880 +1000.000000000000000 +0.460095572586718 -0.000000143539485 +2.777652606740012 +0.000006450175007 +0.460095742569322 +0.000000000000000 +2.777644968301382 +0.000000000000000 +0.460095742569322 +0.000000000000000 +2.777644968301382 +0.000000000000000
 20  11 +0.400000000010000 +0.311555386151000 +0.060000000000000 +0.003959420943362 +1000.000000000000000 +0.460095572587933 -0.000000143539485 +2.777652606739040 +0.000006450175007 +0.460095742570537 +0.000000000000000 +2.777644968300409 +0.000000000000000 +0.460095742570537 +0.000000000000000 +2.777644968300409 +0.000000000000000
 20  12 +0.400000000010000 +0.311555386152000 +0.060000000000000 +0.003763110285103 +1000.000000000000000 +0.460095572587933 -0.000000143539485 +2.777652606739040 +0.000006450175007 +0.460095742570537 +0.000000000000000 +2.777644968300409 +0.000000000000000 +0.460095742570537 +0.000000000000000 +2.777644968300409 +0.000000000000000
 20  13 +0.400000000010000 +0.311555386153000 +0.060000000000000 +0.003602256108914 +1000.000000000000000 +0.460095572587933 -0.000000143539485 +2.777652606739040 +0.000006450175007 +0.460095742570537 +0.000000000000000 +2.777644968300409 +0.000000000000000 +0.460095742570537 +0.000000000000000 +2.777644968300409 +0.000000000000000
 20  14 +0.400000000010000 +0.311555386154000 +0.060000000000000 +0.002599592355402 +1000.000000000000000 +0.460095572587933 -0.000000143539485 +2.777652606739040 +0.000006450175007 +0.460095742570537 +0.000000000000000 +2.777644968300409 +0.000000000000000 +0.460095742570537 +0.000000000000000 +2.777644968300409 +0.000000000000000
 20  15 +0.400000000010000 +0.311555386155000 +0.060000000000000 +0.003648502329658 +1000.000000000000000 +0.460095572587933 -0.000000143539485 +2.777652606739040 +0.000006450175007 +0.460095742570537 +0.000000000000000 +2.777644968300409 +0.000000000000000 +0.460095742570537 +0.000000000000000 +2.777644968300409 +0.000000000000000
 20  16 +0.400000000010000 +0.311555386156000 +0.060000000000000 +0.003825294673550 +1000.000000000000000 +0.460095572587933 -0.000000143539485 +2.777652606739040 +0.000006450175007 +0.460095742570537 +0.000000000000000 +2.777644968300409 +0.000000000000000 +0.460095742570537 +0.000000000000000 +2.777644968300409 +0.000000000000000
