# i   j  Gamma              Lambda             paramK             distTrajToEq       integrationTime      startPtfi1         startPtV1          startPtfi2         startPtV2          sadfocPtfi1        sadfocPtV1         sadfocPtfi2        sadfocPtV2         saddlePtfi1        saddlePtV1         saddlePtfi2        saddlePtV2
# 0   1  2                  3                  4                  5                  6                    7                  8                  9                  10                 11                 12                 13                 14                 15                 16                 17                 18
  0   0 +0.399999999990000 +0.311555386140000 +0.060000000000000 +0.003924055353686 +1000.000000000000000 +0.460095572563620 -0.000000143539485 +2.777652606758529 +0.000006450175007 +0.460095742546224 +0.000000000000000 +2.777644968319899 +0.000000000000000 +0.460095742546224 +0.000000000000000 +2.777644968319899 +0.000000000000000
  1   0 +0.399999999995000 +0.311555386140000 +0.060000000000000 +0.003696020350254 +1000.000000000000000 +0.460095572569700 -0.000000143539485 +2.777652606753655 +0.000006450175007 +0.460095742552304 +0.000000000000000 +2.777644968315025 +0.000000000000000 +0.460095742552304 +0.000000000000000 +2.777644968315025 +0.000000000000000
  1   1 +0.399999999995000 +0.311555386145000 +0.060000000000000 +0.004106094849004 +1000.000000000000000 +0.460095572569700 -0.000000143539485 +2.777652606753655 +0.000006450175007 +0.460095742552304 +0.000000000000000 +2.777644968315025 +0.000000000000000 +0.460095742552304 +0.000000000000000 +2.777644968315025 +0.000000000000000
  2   1 +0.400000000000000 +0.311555386145000 +0.060000000000000 +0.003575272701673 +1000.000000000000000 +0.460095572575779 -0.000000143539485 +2.777652606748781 +0.000006450175007 +0.460095742558384 +0.000000000000000 +2.777644968310150 +0.000000000000000 +0.460095742558384 +0.000000000000000 +2.777644968310150 +0.000000000000000
  2   2 +0.400000000000000 +0.311555386150000 +0.060000000000000 +0.004284344170501 +1000.000000000000000 +0.460095572575779 -0.000000143539485 +2.777652606748781 +0.000006450175007 +0.460095742558384 +0.000000000000000 +2.777644968310150 +0.000000000000000 +0.460095742558384 +0.000000000000000 +2.777644968310150 +0.000000000000000
  3   2 +0.400000000005000 +0.311555386150000 +0.060000000000000 +0.003007102238434 +1000.000000000000000 +0.460095572581854 -0.000000143539485 +2.777652606743911 +0.000006450175007 +0.460095742564458 +0.000000000000000 +2.777644968305281 +0.000000000000000 +0.460095742564458 +0.000000000000000 +2.777644968305281 +0.000000000000000
  4   2 +0.400000000010000 +0.311555386150000 +0.060000000000000 +0.004164800241762 +1000.000000000000000 +0.460095572587933 -0.000000143539485 +2.777652606739040 +0.000006450175007 +0.460095742570537 +0.000000000000000 +2.777644968300409 +0.000000000000000 +0.460095742570537 +0.000000000000000 +2.777644968300409 +0.000000000000000
  4   3 +0.400000000010000 +0.311555386155000 +0.060000000000000 +0.003648502329658 +1000.000000000000000 +0.460095572587933 -0.000000143539485 +2.777652606739040 +0.000006450175007 +0.460095742570537 +0.000000000000000 +2.777644968300409 +0.000000000000000 +0.460095742570537 +0.000000000000000 +2.777644968300409 +0.000000000000000
