# i   j  Gamma              Lambda             paramK             distTrajToEq       integrationTime      startPtfi1         startPtV1          startPtfi2         startPtV2          sadfocPtfi1        sadfocPtV1         sadfocPtfi2        sadfocPtV2         saddlePtfi1        saddlePtV1         saddlePtfi2        saddlePtV2
# 0   1  2                  3                  4                  5                  6                    7                  8                  9                  10                 11                 12                 13                 14                 15                 16                 17                 18
  0   1 +0.749999999000000 +0.637946984200000 +0.060000000000000 +0.000163701821007 +100.000000000000000 +0.943226363712639 +0.000000031035360 +2.379361432307138 +0.000005048849503 +0.943226310653762 +0.000000000000000 +2.379352800659539 +0.000000000000000 +0.943226310653762 +0.000000000000000 +2.379352800659539 +0.000000000000000
  0   2 +0.749999999000000 +0.637946984400000 +0.060000000000000 +0.000035393218925 +100.000000000000000 +0.943226363712639 +0.000000031035360 +2.379361432307138 +0.000005048849502 +0.943226310653762 +0.000000000000000 +2.379352800659539 +0.000000000000000 +0.943226310653762 +0.000000000000000 +2.379352800659539 +0.000000000000000
  0   3 +0.749999999000000 +0.637946984600000 +0.060000000000000 +0.000165272905729 +100.000000000000000 +0.943226363712639 +0.000000031035360 +2.379361432307138 +0.000005048849502 +0.943226310653762 +0.000000000000000 +2.379352800659539 +0.000000000000000 +0.943226310653762 +0.000000000000000 +2.379352800659539 +0.000000000000000
  1   2 +0.749999999200000 +0.637946984400000 +0.060000000000000 +0.000171151517714 +100.000000000000000 +0.943226364044813 +0.000000031035360 +2.379361432023770 +0.000005048849502 +0.943226310985935 +0.000000000000000 +2.379352800376171 +0.000000000000000 +0.943226310985935 +0.000000000000000 +2.379352800376171 +0.000000000000000
  1   3 +0.749999999200000 +0.637946984600000 +0.060000000000000 +0.000097108503971 +100.000000000000000 +0.943226364044813 +0.000000031035360 +2.379361432023770 +0.000005048849501 +0.943226310985935 +0.000000000000000 +2.379352800376171 +0.000000000000000 +0.943226310985935 +0.000000000000000 +2.379352800376171 +0.000000000000000
  1   4 +0.749999999200000 +0.637946984800000 +0.060000000000000 +0.000158233188874 +100.000000000000000 +0.943226364044813 +0.000000031035360 +2.379361432023770 +0.000005048849501 +0.943226310985935 +0.000000000000000 +2.379352800376171 +0.000000000000000 +0.943226310985935 +0.000000000000000 +2.379352800376171 +0.000000000000000
  2   3 +0.749999999400000 +0.637946984600000 +0.060000000000000 +0.000179063877256 +100.000000000000000 +0.943226364376818 +0.000000031035360 +2.379361431740394 +0.000005048849500 +0.943226311317940 +0.000000000000000 +2.379352800092794 +0.000000000000000 +0.943226311317940 +0.000000000000000 +2.379352800092794 +0.000000000000000
  2   4 +0.749999999400000 +0.637946984800000 +0.060000000000000 +0.000121575396965 +100.000000000000000 +0.943226364376818 +0.000000031035360 +2.379361431740394 +0.000005048849500 +0.943226311317940 +0.000000000000000 +2.379352800092794 +0.000000000000000 +0.943226311317940 +0.000000000000000 +2.379352800092794 +0.000000000000000
  2   5 +0.749999999400000 +0.637946985000000 +0.060000000000000 +0.000150972387412 +100.000000000000000 +0.943226364376818 +0.000000031035360 +2.379361431740394 +0.000005048849499 +0.943226311317940 +0.000000000000000 +2.379352800092794 +0.000000000000000 +0.943226311317940 +0.000000000000000 +2.379352800092794 +0.000000000000000
  3   4 +0.749999999600000 +0.637946984800000 +0.060000000000000 +0.000186786239439 +100.000000000000000 +0.943226364709161 +0.000000031035360 +2.379361431457057 +0.000005048849499 +0.943226311650283 +0.000000000000000 +2.379352799809457 +0.000000000000000 +0.943226311650283 +0.000000000000000 +2.379352799809457 +0.000000000000000
  3   5 +0.749999999600000 +0.637946985000000 +0.060000000000000 +0.000126070966405 +100.000000000000000 +0.943226364709161 +0.000000031035360 +2.379361431457058 +0.000005048849499 +0.943226311650283 +0.000000000000000 +2.379352799809457 +0.000000000000000 +0.943226311650283 +0.000000000000000 +2.379352799809457 +0.000000000000000
  3   6 +0.749999999600000 +0.637946985200000 +0.060000000000000 +0.000143417878002 +100.000000000000000 +0.943226364709161 +0.000000031035360 +2.379361431457058 +0.000005048849498 +0.943226311650283 +0.000000000000000 +2.379352799809457 +0.000000000000000 +0.943226311650283 +0.000000000000000 +2.379352799809457 +0.000000000000000
  4   5 +0.749999999800000 +0.637946985000000 +0.060000000000000 +0.000193611835205 +100.000000000000000 +0.943226365041331 +0.000000031035360 +2.379361431173688 +0.000005048849498 +0.943226311982452 +0.000000000000000 +2.379352799526087 +0.000000000000000 +0.943226311982452 +0.000000000000000 +2.379352799526087 +0.000000000000000
  4   6 +0.749999999800000 +0.637946985200000 +0.060000000000000 +0.000132038124930 +100.000000000000000 +0.943226365041331 +0.000000031035360 +2.379361431173689 +0.000005048849497 +0.943226311982452 +0.000000000000000 +2.379352799526087 +0.000000000000000 +0.943226311982452 +0.000000000000000 +2.379352799526087 +0.000000000000000
  4   7 +0.749999999800000 +0.637946985400000 +0.060000000000000 +0.000136756359497 +100.000000000000000 +0.943226365041331 +0.000000031035360 +2.379361431173689 +0.000005048849497 +0.943226311982452 +0.000000000000000 +2.379352799526087 +0.000000000000000 +0.943226311982452 +0.000000000000000 +2.379352799526087 +0.000000000000000
  4   8 +0.749999999800000 +0.637946985600000 +0.060000000000000 +0.000199461119725 +100.000000000000000 +0.943226365041331 +0.000000031035360 +2.379361431173689 +0.000005048849497 +0.943226311982452 +0.000000000000000 +2.379352799526087 +0.000000000000000 +0.943226311982452 +0.000000000000000 +2.379352799526087 +0.000000000000000
  5   5 +0.750000000000000 +0.637946985000000 +0.060000000000000 +0.000174938857659 +100.000000000000000 +0.943226365373306 +0.000000031035361 +2.379361430890218 +0.000005048849497 +0.943226312314427 +0.000000000000000 +2.379352799242616 +0.000000000000000 +0.943226312314427 +0.000000000000000 +2.379352799242616 +0.000000000000000
  5   7 +0.750000000000000 +0.637946985400000 +0.060000000000000 +0.000137862878316 +100.000000000000000 +0.943226365373306 +0.000000031035361 +2.379361430890218 +0.000005048849496 +0.943226312314427 +0.000000000000000 +2.379352799242616 +0.000000000000000 +0.943226312314427 +0.000000000000000 +2.379352799242616 +0.000000000000000
  5   8 +0.750000000000000 +0.637946985600000 +0.060000000000000 +0.000130991588116 +100.000000000000000 +0.943226365373306 +0.000000031035361 +2.379361430890219 +0.000005048849496 +0.943226312314427 +0.000000000000000 +2.379352799242616 +0.000000000000000 +0.943226312314427 +0.000000000000000 +2.379352799242616 +0.000000000000000
  5   9 +0.750000000000000 +0.637946985800000 +0.060000000000000 +0.000192381963484 +100.000000000000000 +0.943226365373306 +0.000000031035361 +2.379361430890219 +0.000005048849495 +0.943226312314427 +0.000000000000000 +2.379352799242616 +0.000000000000000 +0.943226312314427 +0.000000000000000 +2.379352799242616 +0.000000000000000
  6   8 +0.750000000200000 +0.637946985600000 +0.060000000000000 +0.000144692768441 +100.000000000000000 +0.943226365705506 +0.000000031035361 +2.379361430606937 +0.000005048849495 +0.943226312646626 +0.000000000000000 +2.379352798959335 +0.000000000000000 +0.943226312646626 +0.000000000000000 +2.379352798959335 +0.000000000000000
  6   9 +0.750000000200000 +0.637946985800000 +0.060000000000000 +0.000125151720279 +100.000000000000000 +0.943226365705506 +0.000000031035361 +2.379361430606937 +0.000005048849494 +0.943226312646626 +0.000000000000000 +2.379352798959335 +0.000000000000000 +0.943226312646626 +0.000000000000000 +2.379352798959335 +0.000000000000000
  6  10 +0.750000000200000 +0.637946986000000 +0.060000000000000 +0.000185614922554 +100.000000000000000 +0.943226365705506 +0.000000031035361 +2.379361430606938 +0.000005048849494 +0.943226312646626 +0.000000000000000 +2.379352798959335 +0.000000000000000 +0.943226312646626 +0.000000000000000 +2.379352798959335 +0.000000000000000
  7   9 +0.750000000400000 +0.637946985800000 +0.060000000000000 +0.000152392795605 +100.000000000000000 +0.943226366037908 +0.000000031035361 +2.379361430323415 +0.000005048849494 +0.943226312979029 +0.000000000000000 +2.379352798675811 +0.000000000000000 +0.943226312979029 +0.000000000000000 +2.379352798675811 +0.000000000000000
  7  10 +0.750000000400000 +0.637946986000000 +0.060000000000000 +0.000120962995654 +100.000000000000000 +0.943226366037908 +0.000000031035361 +2.379361430323415 +0.000005048849493 +0.943226312979029 +0.000000000000000 +2.379352798675811 +0.000000000000000 +0.943226312979029 +0.000000000000000 +2.379352798675811 +0.000000000000000
  8  10 +0.750000000600000 +0.637946986000000 +0.060000000000000 +0.000159435905052 +100.000000000000000 +0.943226366369958 +0.000000031035361 +2.379361430040137 +0.000005048849492 +0.943226313311078 +0.000000000000000 +2.379352798392532 +0.000000000000000 +0.943226313311078 +0.000000000000000 +2.379352798392532 +0.000000000000000
